#T	E/N	M/N	C/N	Xi/N
0.0001	-1.28125	0.0625	0.0	0.0
0.000101	-1.28125	0.0625	0.0	0.0
0.00010201000000000001	-1.28125	0.0625	0.0	0.0
0.00010303010000000001	-1.28125	0.0625	0.0	0.0
0.00010406040100000001	-1.28125	0.0625	0.0	0.0
0.00010510100501000002	-1.28125	0.0625	0.0	0.0
0.00010615201506010001	-1.28125	0.0625	0.0	0.0
0.00010721353521070101	-1.28125	0.0625	0.0	0.0
0.00010828567056280802	-1.28125	0.0625	0.0	0.0
0.00010936852726843611	-1.28125	0.0625	0.0	0.0
0.00011046221254112047	-1.28125	0.0625	0.0	0.0
0.00011156683466653167	-1.28125	0.0625	0.0	0.0
0.00011268250301319699	-1.28125	0.0625	0.0	0.0
0.00011380932804332896	-1.28125	0.0625	0.0	0.0
0.00011494742132376225	-1.28125	0.0625	0.0	0.0
0.00011609689553699987	-1.28125	0.0625	0.0	0.0
0.00011725786449236987	-1.28125	0.0625	0.0	0.0
0.00011843044313729357	-1.28125	0.0625	0.0	0.0
0.00011961474756866651	-1.28125	0.0625	0.0	0.0
0.00012081089504435318	-1.28125	0.0625	0.0	0.0
0.00012201900399479672	-1.28125	0.0625	0.0	0.0
0.00012323919403474468	-1.28125	0.0625	0.0	0.0
0.00012447158597509212	-1.28125	0.0625	0.0	0.0
0.00012571630183484304	-1.28125	0.0625	0.0	0.0
0.00012697346485319145	-1.28125	0.0625	0.0	0.0
0.00012824319950172338	-1.28125	0.0625	0.0	0.0
0.0001295256314967406	-1.28125	0.0625	0.0	0.0
0.00013082088781170802	-1.28125	0.0625	0.0	0.0
0.0001321290966898251	-1.28125	0.0625	0.0	0.0
0.00013345038765672336	-1.28125	0.0625	0.0	0.0
0.0001347848915332906	-1.28125	0.0625	0.0	0.0
0.0001361327404486235	-1.28125	0.0625	0.0	0.0
0.00013749406785310974	-1.28125	0.0625	0.0	0.0
0.00013886900853164082	-1.28125	0.0625	0.0	0.0
0.00014025769861695722	-1.28125	0.0625	0.0	0.0
0.0001416602756031268	-1.28125	0.0625	0.0	0.0
0.00014307687835915807	-1.28125	0.0625	0.0	0.0
0.00014450764714274964	-1.28125	0.0625	0.0	0.0
0.00014595272361417715	-1.28125	0.0625	0.0	0.0
0.00014741225085031893	-1.28125	0.0625	0.0	0.0
0.00014888637335882211	-1.28125	0.0625	0.0	0.0
0.00015037523709241033	-1.28125	0.0625	0.0	0.0
0.00015187898946333444	-1.28125	0.0625	0.0	0.0
0.00015339777935796778	-1.28125	0.0625	0.0	0.0
0.00015493175715154746	-1.28125	0.0625	0.0	0.0
0.00015648107472306292	-1.28125	0.0625	0.0	0.0
0.00015804588547029355	-1.28125	0.0625	0.0	0.0
0.00015962634432499647	-1.28125	0.0625	0.0	0.0
0.00016122260776824644	-1.28125	0.0625	0.0	0.0
0.0001628348338459289	-1.28125	0.0625	0.0	0.0
0.00016446318218438818	-1.28125	0.0625	0.0	0.0
0.00016610781400623208	-1.28125	0.0625	0.0	0.0
0.0001677688921462944	-1.28125	0.0625	0.0	0.0
0.00016944658106775735	-1.28125	0.0625	0.0	0.0
0.00017114104687843492	-1.28125	0.0625	0.0	0.0
0.00017285245734721926	-1.28125	0.0625	0.0	0.0
0.00017458098192069146	-1.28125	0.0625	0.0	0.0
0.00017632679173989837	-1.28125	0.0625	0.0	0.0
0.00017809005965729736	-1.28125	0.0625	0.0	0.0
0.00017987096025387034	-1.28125	0.0625	0.0	0.0
0.00018166966985640905	-1.28125	0.0625	0.0	0.0
0.00018348636655497315	-1.28125	0.0625	0.0	0.0
0.00018532123022052289	-1.28125	0.0625	0.0	0.0
0.00018717444252272812	-1.28125	0.0625	0.0	0.0
0.0001890461869479554	-1.28125	0.0625	0.0	0.0
0.00019093664881743498	-1.28125	0.0625	0.0	0.0
0.00019284601530560934	-1.28125	0.0625	0.0	0.0
0.00019477447545866543	-1.28125	0.0625	0.0	0.0
0.0001967222202132521	-1.28125	0.0625	0.0	0.0
0.00019868944241538462	-1.28125	0.0625	0.0	0.0
0.00020067633683953847	-1.28125	0.0625	0.0	0.0
0.00020268310020793385	-1.28125	0.0625	0.0	0.0
0.0002047099312100132	-1.28125	0.0625	0.0	0.0
0.00020675703052211333	-1.28125	0.0625	0.0	0.0
0.00020882460082733448	-1.28125	0.0625	0.0	0.0
0.00021091284683560782	-1.28125	0.0625	0.0	0.0
0.0002130219753039639	-1.28125	0.0625	0.0	0.0
0.00021515219505700354	-1.28125	0.0625	0.0	0.0
0.00021730371700757358	-1.28125	0.0625	0.0	0.0
0.0002194767541776493	-1.28125	0.0625	0.0	0.0
0.0002216715217194258	-1.28125	0.0625	0.0	0.0
0.00022388823693662006	-1.28125	0.0625	0.0	0.0
0.00022612711930598627	-1.28125	0.0625	0.0	0.0
0.00022838839049904613	-1.28125	0.0625	0.0	0.0
0.0002306722744040366	-1.28125	0.0625	0.0	0.0
0.00023297899714807695	-1.28125	0.0625	0.0	0.0
0.00023530878711955773	-1.28125	0.0625	0.0	0.0
0.00023766187499075331	-1.28125	0.0625	0.0	0.0
0.00024003849374066086	-1.28125	0.0625	0.0	0.0
0.00024243887867806747	-1.28125	0.0625	0.0	0.0
0.0002448632674648481	-1.28125	0.0625	0.0	0.0
0.0002473119001394966	-1.28125	0.0625	0.0	0.0
0.00024978501914089154	-1.28125	0.0625	0.0	0.0
0.0002522828693323005	-1.28125	0.0625	0.0	0.0
0.0002548056980256235	-1.28125	0.0625	0.0	0.0
0.00025735375500587974	-1.28125	0.0625	0.0	0.0
0.00025992729255593853	-1.28125	0.0625	0.0	0.0
0.0002625265654814979	-1.28125	0.0625	0.0	0.0
0.00026515183113631286	-1.28125	0.0625	0.0	0.0
0.000267803349447676	-1.28125	0.0625	0.0	0.0
0.00027048138294215275	-1.28125	0.0625	0.0	0.0
0.00027318619677157426	-1.28125	0.0625	0.0	0.0
0.00027591805873929	-1.28125	0.0625	0.0	0.0
0.0002786772393266829	-1.28125	0.0625	0.0	0.0
0.0002814640117199497	-1.28125	0.0625	0.0	0.0
0.0002842786518371492	-1.28125	0.0625	0.0	0.0
0.0002871214383555207	-1.28125	0.0625	0.0	0.0
0.00028999265273907594	-1.28125	0.0625	0.0	0.0
0.0002928925792664667	-1.28125	0.0625	0.0	0.0
0.0002958215050591314	-1.28125	0.0625	0.0	0.0
0.0002987797201097227	-1.28125	0.0625	0.0	0.0
0.0003017675173108199	-1.28125	0.0625	0.0	0.0
0.0003047851924839281	-1.28125	0.0625	0.0	0.0
0.0003078330444087674	-1.28125	0.0625	0.0	0.0
0.00031091137485285506	-1.28125	0.0625	0.0	0.0
0.0003140204886013836	-1.28125	0.0625	0.0	0.0
0.0003171606934873975	-1.28125	0.0625	0.0	0.0
0.0003203323004222715	-1.28125	0.0625	0.0	0.0
0.0003235356234264942	-1.28125	0.0625	0.0	0.0
0.00032677097966075913	-1.28125	0.0625	0.0	0.0
0.00033003868945736674	-1.28125	0.0625	0.0	0.0
0.00033333907635194044	-1.28125	0.0625	0.0	0.0
0.00033667246711545986	-1.28125	0.0625	0.0	0.0
0.00034003919178661446	-1.28125	0.0625	0.0	0.0
0.0003434395837044806	-1.28125	0.0625	0.0	0.0
0.0003468739795415254	-1.28125	0.0625	0.0	0.0
0.00035034271933694067	-1.28125	0.0625	0.0	0.0
0.0003538461465303101	-1.28125	0.0625	0.0	0.0
0.0003573846079956132	-1.28125	0.0625	0.0	0.0
0.00036095845407556934	-1.28125	0.0625	0.0	0.0
0.00036456803861632505	-1.28125	0.0625	0.0	0.0
0.0003682137190024883	-1.28125	0.0625	0.0	0.0
0.00037189585619251317	-1.28125	0.0625	0.0	0.0
0.0003756148147544383	-1.28125	0.0625	0.0	0.0
0.0003793709629019827	-1.28125	0.0625	0.0	0.0
0.00038316467253100253	-1.28125	0.0625	0.0	0.0
0.00038699631925631254	-1.28125	0.0625	0.0	0.0
0.00039086628244887567	-1.28125	0.0625	0.0	0.0
0.00039477494527336444	-1.28125	0.0625	0.0	0.0
0.0003987226947260981	-1.28125	0.0625	0.0	0.0
0.0004027099216733591	-1.28125	0.0625	0.0	0.0
0.0004067370208900927	-1.28125	0.0625	0.0	0.0
0.00041080439109899365	-1.28125	0.0625	0.0	0.0
0.0004149124350099836	-1.28125	0.0625	0.0	0.0
0.0004190615593600834	-1.28125	0.0625	0.0	0.0
0.00042325217495368424	-1.28125	0.0625	0.0	0.0
0.0004274846967032211	-1.28125	0.0625	0.0	0.0
0.00043175954367025333	-1.28125	0.0625	0.0	0.0
0.00043607713910695587	-1.28125	0.0625	0.0	0.0
0.00044043791049802546	-1.28125	0.0625	0.0	0.0
0.00044484228960300573	-1.28125	0.0625	0.0	0.0
0.00044929071249903577	-1.28125	0.0625	0.0	0.0
0.0004537836196240261	-1.28125	0.0625	0.0	0.0
0.0004583214558202664	-1.28125	0.0625	0.0	0.0
0.00046290467037846903	-1.28125	0.0625	0.0	0.0
0.0004675337170822537	-1.28125	0.0625	0.0	0.0
0.0004722090542530763	-1.28125	0.0625	0.0	0.0
0.00047693114479560703	-1.28125	0.0625	0.0	0.0
0.0004817004562435631	-1.28125	0.0625	0.0	0.0
0.0004865174608059987	-1.28125	0.0625	0.0	0.0
0.0004913826354140587	-1.28125	0.0625	0.0	0.0
0.0004962964617681992	-1.28125	0.0625	0.0	0.0
0.0005012594263858812	-1.28125	0.0625	0.0	0.0
0.00050627202064974	-1.28125	0.0625	0.0	0.0
0.0005113347408562375	-1.28125	0.0625	0.0	0.0
0.0005164480882647998	-1.28125	0.0625	0.0	0.0
0.0005216125691474479	-1.28125	0.0625	0.0	0.0
0.0005268286948389224	-1.28125	0.0625	0.0	0.0
0.0005320969817873116	-1.28125	0.0625	0.0	0.0
0.0005374179516051847	-1.28125	0.0625	0.0	0.0
0.0005427921311212365	-1.28125	0.0625	0.0	0.0
0.0005482200524324489	-1.28125	0.0625	0.0	0.0
0.0005537022529567734	-1.28125	0.0625	0.0	0.0
0.0005592392754863411	-1.28125	0.0625	0.0	0.0
0.0005648316682412045	-1.28125	0.0625	0.0	0.0
0.0005704799849236166	-1.28125	0.0625	0.0	0.0
0.0005761847847728527	-1.28125	0.0625	0.0	0.0
0.0005819466326205812	-1.28125	0.0625	0.0	0.0
0.000587766098946787	-1.28125	0.0625	0.0	0.0
0.0005936437599362549	-1.28125	0.0625	0.0	0.0
0.0005995801975356175	-1.28125	0.0625	0.0	0.0
0.0006055759995109737	-1.28125	0.0625	0.0	0.0
0.0006116317595060834	-1.28125	0.0625	0.0	0.0
0.0006177480771011443	-1.28125	0.0625	0.0	0.0
0.0006239255578721557	-1.28125	0.0625	0.0	0.0
0.0006301648134508773	-1.28125	0.0625	0.0	0.0
0.000636466461585386	-1.28125	0.0625	0.0	0.0
0.00064283112620124	-1.28125	0.0625	0.0	0.0
0.0006492594374632524	-1.28125	0.0625	0.0	0.0
0.0006557520318378849	-1.28125	0.0625	0.0	0.0
0.0006623095521562638	-1.28125	0.0625	0.0	0.0
0.0006689326476778264	-1.28125	0.0625	0.0	0.0
0.0006756219741546047	-1.28125	0.0625	0.0	0.0
0.0006823781938961507	-1.28125	0.0625	0.0	0.0
0.0006892019758351122	-1.28125	0.0625	0.0	0.0
0.0006960939955934633	-1.28125	0.0625	0.0	0.0
0.000703054935549398	-1.28125	0.0625	0.0	0.0
0.000710085484904892	-1.28125	0.0625	0.0	0.0
0.000717186339753941	-1.28125	0.0625	0.0	0.0
0.0007243582031514804	-1.28125	0.0625	0.0	0.0
0.0007316017851829951	-1.28125	0.0625	0.0	0.0
0.0007389178030348251	-1.28125	0.0625	0.0	0.0
0.0007463069810651734	-1.28125	0.0625	0.0	0.0
0.0007537700508758251	-1.28125	0.0625	0.0	0.0
0.0007613077513845834	-1.28125	0.0625	0.0	0.0
0.0007689208288984293	-1.28125	0.0625	0.0	0.0
0.0007766100371874136	-1.28125	0.0625	0.0	0.0
0.0007843761375592877	-1.28125	0.0625	0.0	0.0
0.0007922198989348806	-1.28125	0.0625	0.0	0.0
0.0008001420979242294	-1.28125	0.0625	0.0	0.0
0.0008081435189034717	-1.28125	0.0625	0.0	0.0
0.0008162249540925064	-1.28125	0.0625	0.0	0.0
0.0008243872036334315	-1.28125	0.0625	0.0	0.0
0.0008326310756697658	-1.28125	0.0625	0.0	0.0
0.0008409573864264635	-1.28125	0.0625	0.0	0.0
0.0008493669602907281	-1.28125	0.0625	0.0	0.0
0.0008578606298936353	-1.28125	0.0625	0.0	0.0
0.0008664392361925717	-1.28125	0.0625	0.0	0.0
0.0008751036285544974	-1.28125	0.0625	0.0	0.0
0.0008838546648400424	-1.28125	0.0625	0.0	0.0
0.0008926932114884428	-1.28125	0.0625	0.0	0.0
0.0009016201436033273	-1.28125	0.0625	0.0	0.0
0.0009106363450393605	-1.28125	0.0625	0.0	0.0
0.0009197427084897541	-1.28125	0.0625	0.0	0.0
0.0009289401355746517	-1.28125	0.0625	0.0	0.0
0.0009382295369303982	-1.28125	0.0625	0.0	0.0
0.0009476118322997021	-1.28125	0.0625	0.0	0.0
0.0009570879506226992	-1.28125	0.0625	0.0	0.0
0.0009666588301289262	-1.28125	0.0625	0.0	0.0
0.0009763254184302155	-1.28125	0.0625	0.0	0.0
0.0009860886726145177	-1.28125	0.0625	0.0	0.0
0.0009959495593406629	-1.28125	0.0625	0.0	0.0
0.0010059090549340696	-1.28125	0.0625	0.0	0.0
0.0010159681454834104	-1.28125	0.0625	0.0	0.0
0.0010261278269382446	-1.28125	0.0625	0.0	0.0
0.001036389105207627	-1.28125	0.0625	0.0	0.0
0.0010467529962597034	-1.28125	0.0625	0.0	0.0
0.0010572205262223005	-1.28125	0.0625	0.0	0.0
0.0010677927314845235	-1.28125	0.0625	0.0	0.0
0.0010784706587993688	-1.28125	0.0625	0.0	0.0
0.0010892553653873624	-1.28125	0.0625	0.0	0.0
0.001100147919041236	-1.28125	0.0625	0.0	0.0
0.0011111493982316485	-1.28125	0.0625	0.0	0.0
0.001122260892213965	-1.28125	0.0625	0.0	0.0
0.0011334835011361046	-1.28125	0.0625	0.0	0.0
0.0011448183361474657	-1.28125	0.0625	0.0	0.0
0.0011562665195089404	-1.28125	0.0625	0.0	0.0
0.0011678291847040299	-1.28125	0.0625	0.0	0.0
0.00117950747655107	-1.28125	0.0625	0.0	0.0
0.0011913025513165807	-1.28125	0.0625	0.0	0.0
0.0012032155768297466	-1.28125	0.0625	0.0	0.0
0.001215247732598044	-1.28125	0.0625	0.0	0.0
0.0012274002099240246	-1.28125	0.0625	0.0	0.0
0.001239674212023265	-1.28125	0.0625	0.0	0.0
0.0012520709541434976	-1.28125	0.0625	0.0	0.0
0.0012645916636849326	-1.28125	0.0625	0.0	0.0
0.0012772375803217818	-1.28125	0.0625	0.0	0.0
0.0012900099561249997	-1.28125	0.0625	0.0	0.0
0.0013029100556862497	-1.28125	0.0625	0.0	0.0
0.0013159391562431121	-1.28125	0.0625	0.0	0.0
0.0013290985478055432	-1.28125	0.0625	0.0	0.0
0.0013423895332835987	-1.28125	0.0625	0.0	0.0
0.0013558134286164346	-1.28125	0.0625	0.0	0.0
0.001369371562902599	-1.28125	0.0625	0.0	0.0
0.001383065278531625	-1.28125	0.0625	0.0	0.0
0.0013968959313169413	-1.28125	0.0625	0.0	0.0
0.0014108648906301106	-1.28125	0.0625	0.0	0.0
0.0014249735395364118	-1.28125	0.0625	0.0	0.0
0.001439223274931776	-1.28125	0.0625	0.0	0.0
0.001453615507681094	-1.28125	0.0625	0.0	0.0
0.0014681516627579048	-1.28125	0.0625	0.0	0.0
0.001482833179385484	-1.28125	0.0625	0.0	0.0
0.0014976615111793388	-1.28125	0.0625	0.0	0.0
0.0015126381262911322	-1.28125	0.0625	0.0	0.0
0.0015277645075540435	-1.28125	0.0625	0.0	0.0
0.001543042152629584	-1.28125	0.0625	0.0	0.0
0.00155847257415588	-1.28125	0.0625	0.0	0.0
0.0015740572998974387	-1.28125	0.0625	0.0	0.0
0.0015897978728964131	-1.28125	0.0625	0.0	0.0
0.0016056958516253773	-1.28125	0.0625	0.0	0.0
0.001621752810141631	-1.28125	0.0625	0.0	0.0
0.0016379703382430474	-1.28125	0.0625	0.0	0.0
0.0016543500416254778	-1.28125	0.0625	0.0	0.0
0.0016708935420417326	-1.28125	0.0625	0.0	0.0
0.00168760247746215	-1.28125	0.0625	0.0	0.0
0.0017044785022367714	-1.28125	0.0625	0.0	0.0
0.0017215232872591392	-1.28125	0.0625	0.0	0.0
0.0017387385201317305	-1.28125	0.0625	0.0	0.0
0.0017561259053330478	-1.28125	0.0625	0.0	0.0
0.0017736871643863783	-1.28125	0.0625	0.0	0.0
0.0017914240360302422	-1.28125	0.0625	0.0	0.0
0.0018093382763905445	-1.28125	0.0625	0.0	0.0
0.00182743165915445	-1.28125	0.0625	0.0	0.0
0.0018457059757459944	-1.28125	0.0625	0.0	0.0
0.0018641630355034544	-1.28125	0.0625	0.0	0.0
0.0018828046658584889	-1.28125	0.0625	0.0	0.0
0.0019016327125170739	-1.28125	0.0625	0.0	0.0
0.0019206490396422445	-1.28125	0.0625	0.0	0.0
0.001939855530038667	-1.28125	0.0625	0.0	0.0
0.0019592540853390536	-1.28125	0.0625	0.0	0.0
0.001978846626192444	-1.28125	0.0625	0.0	0.0
0.0019986350924543687	-1.28125	0.0625	0.0	0.0
0.0020186214433789125	-1.28125	0.0625	0.0	0.0
0.0020388076578127016	-1.28125	0.0625	0.0	0.0
0.0020591957343908287	-1.28125	0.0625	0.0	0.0
0.0020797876917347372	-1.28125	0.0625	0.0	0.0
0.0021005855686520845	-1.28125	0.0625	0.0	0.0
0.0021215914243386054	-1.28125	0.0625	0.0	0.0
0.0021428073385819915	-1.28125	0.0625	0.0	0.0
0.0021642354119678115	-1.28125	0.0625	0.0	0.0
0.0021858777660874896	-1.28125	0.0625	0.0	0.0
0.0022077365437483646	-1.28125	0.0625	0.0	0.0
0.0022298139091858483	-1.28125	0.0625	0.0	0.0
0.002252112048277707	-1.28125	0.0625	0.0	0.0
0.002274633168760484	-1.28125	0.0625	0.0	0.0
0.0022973795004480892	-1.28125	0.0625	0.0	0.0
0.0023203532954525702	-1.28125	0.0625	0.0	0.0
0.002343556828407096	-1.28125	0.0625	0.0	0.0
0.002366992396691167	-1.28125	0.0625	0.0	0.0
0.0023906623206580786	-1.28125	0.0625	0.0	0.0
0.0024145689438646594	-1.28125	0.0625	0.0	0.0
0.002438714633303306	-1.28125	0.0625	0.0	0.0
0.002463101779636339	-1.28125	0.0625	0.0	0.0
0.0024877327974327026	-1.28125	0.0625	0.0	0.0
0.0025126101254070296	-1.28125	0.0625	0.0	0.0
0.0025377362266610997	-1.28125	0.0625	0.0	0.0
0.0025631135889277105	-1.28125	0.0625	0.0	0.0
0.0025887447248169877	-1.28125	0.0625	0.0	0.0
0.0026146321720651577	-1.28125	0.0625	0.0	0.0
0.0026407784937858094	-1.28125	0.0625	0.0	0.0
0.0026671862787236676	-1.28125	0.0625	0.0	0.0
0.0026938581415109045	-1.28125	0.0625	0.0	0.0
0.0027207967229260135	-1.28125	0.0625	0.0	0.0
0.0027480046901552737	-1.28125	0.0625	0.0	0.0
0.0027754847370568265	-1.28125	0.0625	0.0	0.0
0.002803239584427395	-1.28125	0.0625	0.0	0.0
0.0028312719802716687	-1.28125	0.0625	0.0	0.0
0.0028595847000743853	-1.28125	0.0625	0.0	0.0
0.0028881805470751293	-1.28125	0.0625	0.0	0.0
0.0029170623525458807	-1.28125	0.0625	0.0	0.0
0.0029462329760713397	-1.28125	0.0625	0.0	0.0
0.0029756953058320532	-1.28125	0.0625	0.0	0.0
0.003005452258890374	-1.28125	0.0625	0.0	0.0
0.003035506781479278	-1.28125	0.0625	0.0	0.0
0.003065861849294071	-1.28125	0.0625	0.0	0.0
0.0030965204677870116	-1.28125	0.0625	0.0	0.0
0.0031274856724648817	-1.28125	0.0625	0.0	0.0
0.0031587605291895303	-1.28125	0.0625	0.0	0.0
0.0031903481344814255	-1.28125	0.0625	0.0	0.0
0.00322225161582624	-1.28125	0.0625	0.0	0.0
0.0032544741319845026	-1.28125	0.0625	0.0	0.0
0.0032870188733043477	-1.28125	0.0625	0.0	0.0
0.003319889062037391	-1.28125	0.0625	0.0	0.0
0.003353087952657765	-1.28125	0.0625	0.0	0.0
0.003386618832184343	-1.28125	0.0625	0.0	0.0
0.003420485020506186	-1.28125	0.0625	0.0	0.0
0.0034546898707112483	-1.28125	0.0625	0.0	0.0
0.0034892367694183608	-1.28125	0.0625	0.0	0.0
0.0035241291371125444	-1.28125	0.0625	0.0	0.0
0.00355937042848367	-1.28125	0.0625	0.0	0.0
0.0035949641327685067	-1.28125	0.0625	0.0	0.0
0.0036309137740961916	-1.28125	0.0625	0.0	0.0
0.0036672229118371535	-1.28125	0.0625	0.0	0.0
0.003703895140955525	-1.28125	0.0625	0.0	0.0
0.0037409340923650804	-1.28125	0.0625	0.0	0.0
0.0037783434332887313	-1.28125	0.0625	0.0	0.0
0.0038161268676216186	-1.28125	0.0625	0.0	0.0
0.003854288136297835	-1.28125	0.0625	0.0	0.0
0.003892831017660813	-1.28125	0.0625	0.0	0.0
0.003931759327837421	-1.28125	0.0625	0.0	0.0
0.003971076921115795	-1.28125	0.0625	0.0	0.0
0.004010787690326954	-1.28125	0.0625	0.0	0.0
0.004050895567230223	-1.28125	0.0625	0.0	0.0
0.004091404522902526	-1.28125	0.0625	0.0	0.0
0.004132318568131551	-1.28125	0.0625	0.0	0.0
0.004173641753812866	-1.28125	0.0625	0.0	0.0
0.004215378171350995	-1.28125	0.0625	0.0	0.0
0.004257531953064505	-1.28125	0.0625	0.0	0.0
0.0043001072725951505	-1.28125	0.0625	0.0	0.0
0.0043431083453211025	-1.28125	0.0625	0.0	0.0
0.004386539428774314	-1.28125	0.0625	0.0	0.0
0.004430404823062057	-1.28125	0.0625	0.0	0.0
0.004474708871292677	-1.28125	0.0625	0.0	0.0
0.004519455960005604	-1.28125	0.0625	0.0	0.0
0.00456465051960566	-1.28125	0.0625	0.0	0.0
0.004610297024801716	-1.28125	0.0625	0.0	0.0
0.004656399995049734	-1.28125	0.0625	0.0	0.0
0.004702963995000232	-1.28125	0.0625	0.0	0.0
0.004749993634950234	-1.28125	0.0625	0.0	0.0
0.004797493571299737	-1.28125	0.0625	0.0	0.0
0.004845468507012734	-1.28125	0.0625	0.0	0.0
0.0048939231920828614	-1.28125	0.0625	0.0	0.0
0.00494286242400369	-1.28125	0.0625	0.0	0.0
0.004992291048243727	-1.28125	0.0625	0.0	0.0
0.005042213958726165	-1.28125	0.0625	0.0	0.0
0.005092636098313426	-1.28125	0.0625	0.0	0.0
0.005143562459296561	-1.28125	0.0625	0.0	0.0
0.0051949980838895266	-1.28125	0.0625	0.0	0.0
0.005246948064728422	-1.28125	0.0625	0.0	0.0
0.005299417545375706	-1.28125	0.0625	0.0	0.0
0.0053524117208294635	-1.28125	0.0625	0.0	0.0
0.005405935838037758	-1.28125	0.0625	0.0	0.0
0.005459995196418136	-1.28125	0.0625	0.0	0.0
0.0055145951483823175	-1.28125	0.0625	0.0	0.0
0.005569741099866141	-1.28125	0.0625	0.0	0.0
0.005625438510864803	-1.28125	0.0625	0.0	0.0
0.005681692895973451	-1.28125	0.0625	0.0	0.0
0.005738509824933186	-1.28125	0.0625	0.0	0.0
0.005795894923182518	-1.28125	0.0625	0.0	0.0
0.005853853872414343	-1.28125	0.0625	0.0	0.0
0.005912392411138487	-1.28125	0.0625	0.0	0.0
0.005971516335249872	-1.28125	0.0625	0.0	0.0
0.006031231498602371	-1.28125	0.0625	0.0	0.0
0.006091543813588395	-1.28125	0.0625	0.0	0.0
0.006152459251724279	-1.28125	0.0625	0.0	0.0
0.006213983844241522	-1.28125	0.0625	0.0	0.0
0.006276123682683938	-1.28125	0.0625	0.0	0.0
0.006338884919510777	-1.28125	0.0625	0.0	0.0
0.0064022737687058845	-1.28125	0.0625	0.0	0.0
0.006466296506392943	-1.28125	0.0625	0.0	0.0
0.006530959471456873	-1.28125	0.0625	0.0	0.0
0.006596269066171442	-1.28125	0.0625	0.0	0.0
0.006662231756833156	-1.28125	0.0625	0.0	0.0
0.006728854074401488	-1.28125	0.0625	0.0	0.0
0.006796142615145503	-1.28125	0.0625	0.0	0.0
0.006864104041296958	-1.28125	0.0625	0.0	0.0
0.006932745081709928	-1.28125	0.0625	0.0	0.0
0.007002072532527027	-1.28125	0.0625	0.0	0.0
0.007072093257852297	-1.28125	0.0625	0.0	0.0
0.0071428141904308195	-1.28125	0.0625	0.0	0.0
0.007214242332335127	-1.28125	0.0625	0.0	0.0
0.007286384755658478	-1.28125	0.0625	0.0	0.0
0.0073592486032150635	-1.28125	0.0625	0.0	0.0
0.007432841089247215	-1.28125	0.0625	0.0	0.0
0.007507169500139687	-1.28125	0.0625	0.0	0.0
0.007582241195141084	-1.28125	0.0625	0.0	0.0
0.007658063607092495	-1.28125	0.0625	0.0	0.0
0.00773464424316342	-1.28125	0.0625	0.0	0.0
0.007811990685595054	-1.28125	0.0625	0.0	0.0
0.007890110592451005	-1.28125	0.0625	0.0	0.0
0.007969011698375515	-1.28125	0.0625	0.0	0.0
0.00804870181535927	-1.28125	0.0625	0.0	0.0
0.008129188833512862	-1.28125	0.0625	0.0	0.0
0.00821048072184799	-1.28125	0.0625	0.0	0.0
0.008292585529066471	-1.28125	0.0625	0.0	0.0
0.008375511384357135	-1.28125	0.0625	0.0	0.0
0.008459266498200706	-1.28125	0.0625	0.0	0.0
0.008543859163182713	-1.28125	0.0625	0.0	0.0
0.00862929775481454	-1.28125	0.0625	0.0	0.0
0.008715590732362685	-1.28125	0.0625	0.0	0.0
0.008802746639686311	-1.28125	0.0625	0.0	0.0
0.008890774106083174	-1.28125	0.0625	0.0	0.0
0.008979681847144006	-1.28125	0.0625	0.0	0.0
0.009069478665615445	-1.28125	0.0625	0.0	0.0
0.0091601734522716	-1.28125	0.0625	0.0	0.0
0.009251775186794315	-1.28125	0.0625	0.0	0.0
0.009344292938662258	-1.28125	0.0625	0.0	0.0
0.00943773586804888	-1.28125	0.0625	0.0	0.0
0.00953211322672937	-1.28125	0.0625	0.0	0.0
0.009627434358996663	-1.28125	0.0625	0.0	0.0
0.009723708702586629	-1.28125	0.0625	0.0	0.0
0.009820945789612495	-1.28125	0.0625	0.0	0.0
0.00991915524750862	-1.28125	0.0625	0.0	0.0
0.010018346799983707	-1.28125	0.0625	0.0	0.0
0.010118530267983544	-1.28125	0.0625	0.0	0.0
0.01021971557066338	-1.28125	0.0625	0.0	0.0
0.010321912726370014	-1.28125	0.0625	0.0	0.0
0.010425131853633713	-1.28125	0.0625	0.0	0.0
0.01052938317217005	-1.28125	0.0625	0.0	0.0
0.010634677003891752	-1.28125	0.0625	0.0	0.0
0.01074102377393067	-1.28125	0.0625	0.0	0.0
0.010848434011669976	-1.28125	0.0625	0.0	0.0
0.010956918351786676	-1.28125	0.0625	0.0	0.0
0.011066487535304542	-1.28125	0.0625	0.0	0.0
0.011177152410657587	-1.28125	0.0625	0.0	0.0
0.011288923934764163	-1.28125	0.0625	0.0	0.0
0.011401813174111805	-1.28125	0.0625	0.0	0.0
0.011515831305852924	-1.28125	0.0625	0.0	0.0
0.011630989618911453	-1.28125	0.0625	0.0	0.0
0.011747299515100567	-1.28125	0.0625	0.0	0.0
0.011864772510251573	-1.28125	0.0625	0.0	0.0
0.011983420235354088	-1.28125	0.0625	0.0	0.0
0.01210325443770763	-1.28125	0.0625	0.0	0.0
0.012224286982084706	-1.28125	0.0625	0.0	0.0
0.012346529851905553	-1.28125	0.0625	0.0	0.0
0.01246999515042461	-1.28125	0.0625	0.0	0.0
0.012594695101928855	-1.28125	0.0625	0.0	0.0
0.012720642052948145	-1.28125	0.0625	0.0	0.0
0.012847848473477627	-1.28125	0.0625	0.0	0.0
0.012976326958212403	-1.28125	0.0625	0.0	0.0
0.013106090227794527	-1.28125	0.0625	0.0	0.0
0.013237151130072473	-1.28125	0.0625	0.0	0.0
0.013369522641373198	-1.28125	0.0625	0.0	0.0
0.01350321786778693	-1.28125	0.0625	0.0	0.0
0.0136382500464648	-1.28125	0.0625	0.0	0.0
0.013774632546929448	-1.28125	0.0625	0.0	0.0
0.013912378872398743	-1.28125	0.0625	0.0	0.0
0.01405150266112273	-1.28125	0.0625	0.0	0.0
0.014192017687733958	-1.28125	0.0625	0.0	0.0
0.014333937864611297	-1.28125	0.0625	0.0	0.0
0.014477277243257411	-1.28125	0.0625	0.0	0.0
0.014622050015689985	-1.28125	0.0625	0.0	0.0
0.014768270515846884	-1.28125	0.0625	0.0	0.0
0.014915953221005354	-1.28125	0.0625	0.0	0.0
0.015065112753215407	-1.28125	0.0625	0.0	0.0
0.015215763880747562	-1.28125	0.0625	0.0	0.0
0.015367921519555038	-1.28125	0.0625	0.0	0.0
0.015521600734750588	-1.28125	0.0625	0.0	0.0
0.015676816742098094	-1.28125	0.0625	0.0	0.0
0.015833584909519076	-1.28125	0.0625	0.0	0.0
0.01599192075861427	-1.28125	0.0625	0.0	0.0
0.016151839966200413	-1.28125	0.0625	0.0	0.0
0.016313358365862417	-1.28125	0.0625	0.0	0.0
0.01647649194952104	-1.28125	0.0625	0.0	0.0
0.01664125686901625	-1.28125	0.0625	0.0	0.0
0.016807669437706414	-1.28125	0.0625	0.0	0.0
0.01697574613208348	-1.28125	0.0625	0.0	0.0
0.017145503593404315	-1.28125	0.0625	0.0	0.0
0.01731695862933836	-1.28125	0.0625	0.0	0.0
0.017490128215631742	-1.28125	0.0625	0.0	0.0
0.01766502949778806	-1.28125	0.0625	0.0	0.0
0.01784167979276594	-1.28125	0.0625	0.0	0.0
0.018020096590693598	-1.28125	0.0625	0.0	0.0
0.018200297556600534	-1.28125	0.0625	0.0	0.0
0.01838230053216654	-1.28125	0.0625	0.0	0.0
0.018566123537488207	-1.28125	0.0625	0.0	0.0
0.01875178477286309	-1.28125	0.0625	0.0	0.0
0.018939302620591722	-1.28125	0.0625	0.0	0.0
0.01912869564679764	-1.28125	0.0625	0.0	0.0
0.019319982603265617	-1.28125	0.0625	0.0	0.0
0.019513182429298274	-1.28125	0.0625	0.0	0.0
0.019708314253591257	-1.28125	0.0625	0.0	0.0
0.01990539739612717	-1.28125	0.0625	0.0	0.0
0.02010445137008844	-1.28125	0.0625	0.0	0.0
0.020305495883789326	-1.28125	0.0625	0.0	0.0
0.02050855084262722	-1.28125	0.0625	0.0	0.0
0.020713636351053492	-1.28125	0.0625	0.0	0.0
0.020920772714564027	-1.28125	0.0625	0.0	0.0
0.02112998044170967	-1.28125	0.0625	0.0	0.0
0.021341280246126765	-1.28125	0.0625	0.0	0.0
0.021554693048588033	-1.28125	0.0625	0.0	0.0
0.021770239979073912	-1.28125	0.0625	0.0	0.0
0.02198794237886465	-1.28125	0.0625	0.0	0.0
0.022207821802653297	-1.28125	0.0625	0.0	0.0
0.022429900020679832	-1.28125	0.0625	0.0	0.0
0.02265419902088663	-1.28125	0.0625	0.0	0.0
0.022880741011095496	-1.28125	0.0625	0.0	0.0
0.023109548421206452	-1.28125	0.0625	0.0	0.0
0.023340643905418516	-1.28125	0.0625	0.0	0.0
0.0235740503444727	-1.28125	0.0625	0.0	0.0
0.023809790847917428	-1.28125	0.0625	0.0	0.0
0.0240478887563966	-1.28125	0.0625	0.0	0.0
0.024288367643960567	-1.28125	0.0625	0.0	0.0
0.024531251320400172	-1.28125	0.0625	0.0	0.0
0.024776563833604173	-1.28125	0.0625	0.0	0.0
0.025024329471940214	-1.28125	0.0625	0.0	0.0
0.025274572766659616	-1.28125	0.0625	0.0	0.0
0.025527318494326212	-1.28125	0.0625	0.0	0.0
0.025782591679269475	-1.28125	0.0625	0.0	0.0
0.026040417596062168	-1.28125	0.0625	0.0	0.0
0.02630082177202279	-1.28125	0.0625	0.0	0.0
0.02656382998974302	-1.28125	0.0625	0.0	0.0
0.026829468289640453	-1.28125	0.0625	0.0	0.0
0.027097762972536858	-1.28125	0.0625	0.0	0.0
0.027368740602262225	-1.28125	0.0625	0.0	0.0
0.02764242800828485	-1.28125	0.0625	0.0	0.0
0.0279188522883677	-1.28125	0.0625	0.0	0.0
0.028198040811251376	-1.28125	0.0625	0.0	0.0
0.02848002121936389	-1.28125	0.0625	0.0	0.0
0.02876482143155753	-1.28125	0.0625	0.0	0.0
0.029052469645873106	-1.28125	0.0625	0.0	0.0
0.029342994342331837	-1.28125	0.0625	0.0	0.0
0.029636424285755157	-1.28125	0.0625	0.0	0.0
0.029932788528612708	-1.28125	0.0625	0.0	0.0
0.030232116413898835	-1.28125	0.0625	0.0	0.0
0.030534437578037824	-1.28125	0.0625	0.0	0.0
0.0308397819538182	-1.28125	0.0625	0.0	0.0
0.031148179773356384	-1.28125	0.0625	0.0	0.0
0.031459661571089946	-1.28125	0.0625	0.0	0.0
0.031774258186800845	-1.28125	0.0625	0.0	0.0
0.03209200076866885	-1.28125	0.0625	0.0	0.0
0.03241292077635554	-1.28125	0.0625	0.0	0.0
0.032737049984119096	-1.28125	0.0625	0.0	0.0
0.033064420483960286	-1.28125	0.0625	0.0	0.0
0.03339506468879989	-1.28125	0.0625	0.0	0.0
0.03372901533568789	-1.28125	0.0625	0.0	0.0
0.03406630548904477	-1.28125	0.0625	0.0	0.0
0.03440696854393522	-1.28125	0.0625	0.0	0.0
0.03475103822937457	-1.28125	0.0625	0.0	0.0
0.03509854861166832	-1.28125	0.0625	0.0	0.0
0.03544953409778501	-1.28125	0.0625	0.0	0.0
0.03580402943876286	-1.28125	0.0625	0.0	0.0
0.03616206973315049	-1.28125	0.0625	0.0	0.0
0.036523690430481995	-1.28125	0.0625	0.0	0.0
0.03688892733478682	-1.28125	0.0625	0.0	0.0
0.03725781660813469	-1.28125	0.0625	0.0	0.0
0.037630394774216036	-1.28125	0.0625	0.0	0.0
0.0380066987219582	-1.28125	0.0625	0.0	0.0
0.03838676570917778	-1.28125	0.0625	0.0	0.0
0.03877063336626956	-1.28125	0.0625	0.0	0.0
0.03915833969993226	-1.28125	0.0625	0.0	0.0
0.03954992309693158	-1.28125	0.0625	0.0	0.0
0.039945422327900895	-1.28125	0.0625	0.0	0.0
0.0403448765511799	-1.28125	0.0625	0.0	0.0
0.0407483253166917	-1.28125	0.0625	0.0	0.0
0.04115580856985862	-1.28125	0.0625	0.0	0.0
0.04156736665555721	-1.28125	0.0625	0.0	0.0
0.04198304032211278	-1.28125	0.0625	0.0	0.0
0.042402870725333906	-1.28125	0.0625	0.0	0.0
0.042826899432587245	-1.28125	0.0625	0.0	0.0
0.04325516842691312	-1.28125	0.0625	0.0	0.0
0.04368772011118225	-1.28125	0.0625	0.0	0.0
0.044124597312294074	-1.28125	0.0625	0.0	0.0
0.04456584328541702	-1.28125	0.0625	0.0	0.0
0.04501150171827119	-1.28125	0.0625	0.0	0.0
0.0454616167354539	-1.28125	0.0625	0.0	0.0
0.04591623290280844	-1.28125	0.0625	0.0	0.0
0.04637539523183652	-1.28125	0.0625	0.0	0.0
0.04683914918415489	-1.28125	0.0625	0.0	0.0
0.04730754067599644	-1.28125	0.0625	0.0	0.0
0.047780616082756404	-1.28125	0.0625	0.0	0.0
0.04825842224358397	-1.28125	0.0625	0.0	0.0
0.04874100646601981	-1.28125	0.0625	0.0	0.0
0.04922841653068001	-1.28125	0.0625	0.0	4.5104965906561146e-15
0.04972070069598681	-1.28125	0.0625	0.0	6.698757312855616e-15
0.05021790770294668	-1.28125	0.06250000000000006	5.63511743559049e-12	2.2108109943417874e-15
0.050720086779976144	-1.2812500000000004	0.0625000000000001	1.1048166720106833e-11	-1.0944608882880135e-15
0.051227287647775906	-1.2812499999999998	0.062499999999999986	5.415237094454874e-12	1.6254369628039808e-14
0.051739560524253665	-1.2812499999999991	0.06250000000000007	1.5925606590887776e-11	1.3947643905248678e-14
0.052256956129496206	-1.2812499999999996	0.06250000000000014	3.642755485939758e-11	1.6996367287431746e-14
0.05277952569079117	-1.2812499999999993	0.06250000000000011	5.1013983026030474e-11	3.99667052550994e-14
0.05330732094769908	-1.28125	0.06250000000000024	-1.500264180747882e-11	4.6860389173514154e-14
0.05384039415717607	-1.28125	0.06250000000000037	-9.804686996359062e-12	6.495499489398002e-14
0.05437879809874783	-1.2812499999999996	0.06250000000000051	1.4417243892303297e-11	9.493657905296467e-14
0.054922586079735304	-1.281249999999999	0.06250000000000075	1.8844222974614646e-11	1.293716823036248e-13
0.055471811940532655	-1.2812499999999998	0.06250000000000112	-2.309114667019734e-11	1.8312977925095407e-13
0.05602653005993798	-1.2812499999999982	0.06250000000000154	3.6217855771312364e-11	2.6454391094521845e-13
0.056586795360537366	-1.2812499999999978	0.06250000000000219	0.0	3.68852710777625e-13
0.05715266331414274	-1.2812499999999978	0.06250000000000312	-3.045406657610162e-11	5.196339800559021e-13
0.05772418994728417	-1.2812499999999978	0.06250000000000445	-3.838371576804999e-11	7.299013433190149e-13
0.05830143184675701	-1.2812499999999958	0.06250000000000629	-5.016987323863672e-11	1.0102210115726462e-12
0.058884446165224584	-1.2812499999999913	0.06250000000000872	2.868910831213092e-11	1.4178408202660106e-12
0.05947329062687683	-1.281249999999988	0.06250000000001216	3.214150804501622e-11	1.9694307791508336e-12
0.0600680235331456	-1.281249999999985	0.06250000000001704	-3.938524169813771e-12	2.711421287611349e-12
0.06066870376847706	-1.2812499999999787	0.06250000000002368	2.3165518104972674e-11	3.738641998953874e-12
0.06127539080616183	-1.2812499999999711	0.0625000000000328	7.56968862692307e-12	5.1302757156956586e-12
0.06188814471422345	-1.2812499999999605	0.06250000000004531	-1.4841071712426368e-11	7.0169131436626386e-12
0.06250702616136569	-1.2812499999999436	0.06250000000006235	5.0920253890297305e-11	9.570822890771722e-12
0.06313209642297934	-1.2812499999999243	0.06250000000008564	0.0	1.3001998028974563e-11
0.06376341738720914	-1.2812499999998943	0.06250000000011714	5.5923843571028996e-11	1.7619667135262388e-11
0.06440105156108124	-1.2812499999998566	0.06250000000015982	7.880651419797488e-11	2.3800448449878653e-11
0.06504506207669206	-1.2812499999998044	0.0625000000002173	1.0748342891938111e-10	3.2049562361562656e-11
0.06569551269745898	-1.2812499999997355	0.06250000000029467	1.4158499912794663e-10	4.3021968303305626e-11
0.06635246782443356	-1.2812499999996418	0.06250000000039829	1.7752876375633642e-10	5.7583879914719566e-11
0.0670159925026779	-1.2812499999995182	0.06250000000053683	1.898517226542885e-10	7.683643421616038e-11
0.06768615242770468	-1.2812499999993523	0.0625000000007214	2.91573733449386e-10	1.0222702473839625e-10
0.06836301395198173	-1.281249999999131	0.0625000000009665	4.0745776156924243e-10	1.3561792990215288e-10
0.06904664409150155	-1.2812499999988405	0.06250000000129129	4.977961348687171e-10	1.7938168808690796e-10
0.06973711053241656	-1.2812499999984546	0.06250000000172012	6.633124650524387e-10	2.3660479285715693e-10
0.07043448163774073	-1.2812499999979465	0.06250000000228495	8.708094584142495e-10	3.1118471329400634e-10
0.07113882645411813	-1.2812499999972817	0.06250000000302676	1.0698719025735e-09	4.0812449790480044e-10
0.07185021471865932	-1.2812499999964093	0.0625000000039982	1.3846246019173932e-09	5.337777195682139e-10
0.07256871686584591	-1.2812499999952704	0.06250000000526695	1.789100922494114e-09	6.961972625049643e-10
0.07329440403450438	-1.2812499999937854	0.06250000000691927	2.317302178112612e-09	9.055673358286945e-10
0.07402734807484943	-1.2812499999918585	0.06250000000906558	2.9640262566955736e-09	1.1747099302610868e-09
0.07476762155559792	-1.2812499999893612	0.06250000001184594	3.813153844851778e-09	1.519778401174145e-09
0.0755152977711539	-1.281249999986134	0.06250000001543791	4.899297754454527e-09	1.9610189720094112e-09
0.07627045074886545	-1.2812499999819786	0.06250000002006662	6.200107095002648e-09	2.5237271208295504e-09
0.0770331552563541	-1.281249999976637	0.06250000002601527	7.845284889261184e-09	3.239488867635132e-09
0.07780348680891763	-1.2812499999697875	0.06250000003364087	9.991339069051384e-09	4.147573087222128e-09
0.07858152167700681	-1.2812499999610305	0.06250000004339108	1.2618204935037129e-08	5.2967103046482535e-09
0.07936733689377688	-1.2812499999498623	0.06250000005582641	1.5934035829877324e-08	6.747202220180479e-09
0.08016101026271465	-1.2812499999356546	0.06250000007164658	2.0034296424517446e-08	8.573492304664003e-09
0.0809626203653418	-1.2812499999176241	0.06250000009172295	2.513531799827283e-08	1.0867238995163108e-08
0.08177224656899522	-1.2812499998947995	0.06250000011713831	3.146845470054203e-08	1.3740989441002463e-08
0.08258996903468517	-1.2812499998659754	0.062500000149234	3.9279784425438725e-08	1.7332673529835952e-08
0.08341586872503202	-1.2812499998296603	0.0625000001896684	4.8956346194133516e-08	2.181081324086401e-08
0.08425002741228235	-1.2812499997840223	0.06250000024048712	6.083301457764335e-08	2.738085161101925e-08
0.08509252768640517	-1.281249999726797	0.06250000030420583	7.544723434783676e-08	3.4292685620379196e-08
0.08594345296326922	-1.2812499996552116	0.0625000003839129	9.335985030650276e-08	4.284945012342977e-08
0.08680288749290191	-1.2812499995658726	0.06250000048338948	1.152335255395748e-07	5.341809840104288e-08
0.08767091636783093	-1.2812499994546316	0.06250000060725494	1.4189981624088906e-07	6.644170859954237e-08
0.08854762553150924	-1.2812499993164295	0.0625000007611388	1.743596330876609e-07	8.245410687320654e-08
0.08943310178682434	-1.2812499991451203	0.06250000095188728	2.137665647311915e-07	1.0209689837479669e-07
0.09032743280469259	-1.2812499989332444	0.06250000118780612	2.6148768619751185e-07	1.2613953112972064e-07
0.09123070713273952	-1.2812499986717705	0.06250000147895006	3.191800285313187e-07	1.5550265480409253e-07
0.09214301420406691	-1.2812499983497934	0.06250000183746392	3.887226730846564e-07	1.912853593428772e-07
0.09306444434610758	-1.2812499979541656	0.06250000227798469	4.724404570129281e-07	2.3479689169794573e-07
0.09399508878956866	-1.2812499974690816	0.06250000281811499	5.729329367415471e-07	2.8759336939387253e-07
0.09493503967746435	-1.2812499968755684	0.06250000347897805	6.933274706730191e-07	3.5152033770903595e-07
0.09588439007423899	-1.2812499961509076	0.06250000428586786	8.373257343373626e-07	4.287619021931226e-07
0.09684323397498137	-1.2812499952679592	0.06250000526900953	1.0091184970596793e-06	5.218972376958422e-07
0.09781166631473119	-1.2812499941943534	0.06250000646444358	1.2136556768316325e-06	6.339657484031928e-07
0.0987897829778785	-1.2812499928915728	0.06250000791505773	1.4567208339758125e-06	7.685415589862277e-07
0.0997776808076573	-1.2812499913138764	0.06250000967178206	1.7449817481403914e-06	9.298189352444653e-07
0.10077545761573387	-1.2812499894070606	0.06250001179497434	2.08611049760236e-06	1.122709791254804e-06
0.10178321219189121	-1.281249987107012	0.06250001435602236	2.489019031945806e-06	1.3529546925182393e-06
0.10280104431381012	-1.2812499843380516	0.06250001743919047	2.964011525592331e-06	1.6272492071240784e-06
0.10382905475694823	-1.2812499810110292	0.06250002114374713	3.5228350809090347e-06	1.953387098529783e-06
0.10486734530451772	-1.2812499770211208	0.062500025586407	4.1790650350419136e-06	2.3404225854132192e-06
0.1059160187575629	-1.2812499722453274	0.06250003090413357	4.948167300853758e-06	2.7988534429285894e-06
0.10697517894513853	-1.2812499665395785	0.06250003725734245	5.847835031330759e-06	3.3408276304009434e-06
0.10804493073458991	-1.2812499597354565	0.06250004483356221	6.8983221078696465e-06	3.9803755227129146e-06
0.10912538004193581	-1.281249951636445	0.06250005385160456	8.122628553476668e-06	4.733670774547778e-06
0.11021663384235517	-1.2812499420136814	0.06250006456630838	9.546864898506885e-06	5.6193224561964065e-06
0.11131880018077872	-1.2812499306011027	0.0625000772739246	1.1200687096493933e-05	6.65870168886829e-06
0.11243198818258651	-1.2812499170899765	0.06250009231821754	1.3117659155877382e-05	7.87630607799254e-06
0.11355630806441237	-1.2812499011227045	0.0625001100973648	1.533568009056279e-05	9.300165433760423e-06
0.1146918711450565	-1.2812498822858234	0.06250013107174354	1.7897492512195254e-05	1.0962292717495231e-05
0.11583878985650706	-1.2812498601021312	0.06250015577270465	2.0851219840302894e-05	1.2899183985232373e-05
0.11699717775507212	-1.2812498340218255	0.06250018481243722	2.4250928912834283e-05	1.5152371733117666e-05
0.11816714953262285	-1.2812498034125581	0.06250021889503914	2.8157250326162158e-05	1.7769036245842992e-05
0.11934882102794908	-1.2812497675483006	0.0625002588289225	3.2638033290262794e-05	2.0802679299462745e-05
0.12054230923822858	-1.2812497255968778	0.06250030554068262	3.77691416517814e-05	2.4313865567222554e-05
0.12174773233061087	-1.2812496766060697	0.06250036009058155	4.363517341849538e-05	2.8371036603623754e-05
0.12296520965391698	-1.2812496194881184	0.06250042368979847	5.033031420997963e-05	3.3051402980287336e-05
0.12419486175045616	-1.2812495530024886	0.06250049771961644	5.7959296837745e-05	3.844192004855528e-05
0.12543681036796073	-1.2812494757367443	0.06250058375272431	6.663828639342502e-05	4.4640353157345936e-05
0.12669117847164033	-1.2812493860853336	0.06250068357682513	7.649600012147022e-05	5.175643827613421e-05
0.12795809025635674	-1.2812492822261397	0.06250079922075498	8.767474484205388e-05	5.991314408917279e-05
0.12923767115892032	-1.2812491620945674	0.06250093298332957	0.00010033160873005066	6.924804183395122e-05
0.13053004787050954	-1.2812490233549705	0.06250108746514581	0.00011463977533525148	7.99147891824756e-05
0.13183534834921462	-1.2812488633692243	0.06250126560358384	0.0001307896966735314	9.208473460941465e-05
0.13315370183270678	-1.2812486791621693	0.06250147071126257	0.0001489906278726516	0.00010594864858710477
0.13448523885103383	-1.2812484673837363	0.06250170651821955	0.00016947194485051898	0.00012171858811182564
0.13583009123954418	-1.2812482242674341	0.06250197721809478	0.00019248488070285508	0.00013962990092755386
0.13718839215193962	-1.2812479455850234	0.06250228751861522	0.00021830390017025467	0.00015994337563872201
0.13856027607345903	-1.2812476265969943	0.06250264269668407	0.0002472285659050273	0.0001829475439410984
0.13994587883419363	-1.2812472619986632	0.06250304865839709	0.00027958519716594205	0.00020896114071249037
0.14134533762253557	-1.281246845861514	0.06250351200431244	0.0003157287100539107	0.00023833572774636033
0.14275879099876093	-1.2812463715695137	0.0625040401003175	0.0003560445442779653	0.0002714584862253219
0.14418637890874855	-1.2812458317500908	0.06250464115444003	0.00040095048815161127	0.0003087551829029443
0.14562824269783603	-1.281245218199408	0.06250532429996383	0.00045089888977660047	0.00035069331421818463
0.1470845251248144	-1.2812445218016715	0.06250609968521441	0.0005063785040089084	0.0003977854320126265
0.14855537037606253	-1.2812437324420631	0.06250697857038284	0.0005679167685506323	0.00045059265399614596
0.15004092407982317	-1.281242838913013	0.06250797343176336	0.0006360818399138968	0.0005097283610005394
0.1515413333206214	-1.2812418288134435	0.06250909807377858	0.0007114848134112882	0.0005758620824163333
0.1530567466538276	-1.2812406884406422	0.06251036774916709	0.0007947819433187863	0.0006497235699098825
0.1545873141203659	-1.2812394026744311	0.06251179928770002	0.000886676850660472	0.000732107058613531
0.15613318726156955	-1.281237954853313	0.06251341123379195	0.0009879227333784637	0.0008238757133598505
0.15769451913418525	-1.2812363266422409	0.06251522399335235	0.0010993245333750896	0.0009259662564026661
0.1592714643255271	-1.2812344978916954	0.06251725999021555	0.0012217412115559858	0.0010393937711355445
0.16086417896878238	-1.281232446487814	0.06251954383246566	0.0013560878408149352	0.0011652566746546394
0.16247282075847022	-1.281230148193243	0.06252210248894326	0.0015033376472457245	0.001304741850102369
0.1640975489660549	-1.2812275764784729	0.06252496547619824	0.0016645241165081591	0.0014591299273661218
0.16573852445571546	-1.2812247023434553	0.06252816505610949	0.0018407427987391148	0.0016298006984774276
0.16739590970027263	-1.2812214941292475	0.06253173644435167	0.002033153212375193	0.0018182386513855724
0.16906986879727534	-1.281217917319618	0.06253571802983943	0.002242980390292336	0.002026038602844749
0.1707605674852481	-1.2812139343324225	0.06254015160521573	0.0024715164558683687	0.00225491140825073
0.17246817316010057	-1.2812095043007699	0.06254508260838566	0.0027201217866077367	0.0025066897227428633
0.17419285489170158	-1.2812045828439278	0.06255056037501888	0.0029902262352423607	0.00278333378424853
0.1759347834406186	-1.2811991218281131	0.06255663840185145	0.0032833297905777254	0.003086937185333181
0.17769413127502479	-1.2811930691172944	0.06256337462051852	0.003601003103498348	0.0034197325964307823
0.17947107258777503	-1.2811863683142402	0.06257083168153509	0.003944887726655721	0.0037840973984781157
0.18126578331365278	-1.2811789584922344	0.06257907724791661	0.004316695824087021	0.004182559178068979
0.1830784411467893	-1.2811707739178584	0.06258818429778269	0.0047182095840099265	0.004617801033314555
0.1849092255582572	-1.2811617437654694	0.06259823143513722	0.005151280142300931	0.005092666632716933
0.18675831781383978	-1.2811517918240911	0.06260930320783685	0.005617825974965666	0.005610164963899082
0.18862590099197818	-1.2811408361976033	0.06262149043157103	0.0061198307885033205	0.006173474702753826
0.19051216000189797	-1.2811287889992926	0.06263489051846576	0.006659340707059085	0.0067859481270680045
0.19241728160191696	-1.2811155560419478	0.06264960780868968	0.007238460883739531	0.007451114492287197
0.19434145441793613	-1.2811010365249866	0.06266575390319658	0.007859351344212381	0.008172682779871064
0.1962848689621155	-1.2810851227202018	0.06268344799546242	0.008524222028711002	0.008954543721827794
0.19824771765173665	-1.2810676996579948	0.06270281719978676	0.009235327105941948	0.009800770997781216
0.20023019482825402	-1.2810486448162535	0.06272399687341572	0.009994958205640126	0.010715621493658418
0.20223249677653657	-1.281027827814186	0.06274713092941393	0.010805436858045619	0.011703534503918462
0.20425482174430193	-1.2810051101137667	0.0627723721368533	0.011669105807430965	0.012769129752520097
0.20629736996174494	-1.280980344731757	0.06279988240453234	0.012588319263469884	0.013917204100758215
0.20836034366136238	-1.2809533759654597	0.0628298330440336	0.013565432126407765	0.015152726804529728
0.210443947097976	-1.28092403913585	0.06286240500755116	0.01460278777451869	0.01648083317754628
0.21254838656895578	-1.280892160351821	0.06289778909549144	0.01570270491793979	0.017906816513060163
0.21467387043464534	-1.2808575562998232	0.06293618612844776	0.016867462913798894	0.019436118112969667
0.2168206091389918	-1.2808200340633167	0.06297780707773347	0.018099285935635256	0.021074315271407188
0.21898881523038172	-1.2807793909769158	0.06302287314824838	0.019400325736453224	0.02282710705983415
0.22117870338268553	-1.2807354145202814	0.063071615807062	0.02077264309193619	0.02470029776260672
0.22339049041651238	-1.280687882257209	0.06312427675072697	0.022218187923588324	0.026699777816621247
0.2256243953206775	-1.280636561825564	0.06318110780400087	0.023738778068437005	0.02883150211584874
0.22788063927388427	-1.2805812109839199	0.0632423707423644	0.025336076816742773	0.031101465552419254
0.2301594456666231	-1.2805215777210277	0.06330833703049489	0.027011569223814952	0.03351567568030773
0.23246104012328933	-1.2804574004341869	0.06337928746869283	0.0287665373849391	0.03608012240618614
0.23478565052452222	-1.2803884081828962	0.06345551173920196	0.030602034640485342	0.03880074463519481
0.23713350702976743	-1.2803143210238377	0.06353730784439607	0.03251885903864791	0.04168339382730924
0.23950484210006512	-1.2802348504334082	0.06362498142897939	0.03451752608728729	0.04473379445351953
0.24189989052106578	-1.2801496998234614	0.06371884497865286	0.03659824124345854	0.04795750137971088
0.24431888942627644	-1.2800585651559093	0.06381921688818547	0.0387608721035063	0.05135985425072492
0.2467620783205392	-1.2799611356609593	0.06392642039247731	0.041004920964558426	0.05494592899751847
0.2492296991037446	-1.2798570946634418	0.06404078235506909	0.04332949771750333	0.058720486646355506
0.251721996094782	-1.2797461205205283	0.06416263190963245	0.04573329390322088	0.06268791967019377
0.25423921605572986	-1.2796278876734328	0.06429229895127643	0.048214557974576445	0.06685219618938254
0.25678160821628715	-1.2795020678142752	0.06443011247607285	0.05077107246066666	0.0712168023988677
0.25934942429845004	-1.2793683311679875	0.06457639876899546	0.05340013354413125	0.07578468367375196
0.26194291854143453	-1.279226347887589	0.0647314794425255	0.05609853348133006	0.08055818488100781
0.2645623477268489	-1.2790757895593408	0.06489566933047937	0.058862546471340246	0.08553899050203849
0.2672079712041174	-1.2789163308123217	0.06506927424413848	0.061687918660968885	0.09072806524675901
0.2698800509161586	-1.2787476510249671	0.06525258860051474	0.06456986269897667	0.09612559591236829
0.2725788514253202	-1.278569436118775	0.06544589293550018	0.06750305747312708	0.1017309353072024
0.2753046399395734	-1.27838138042702	0.0656494513177238	0.07048165362985413	0.10754254911926925
0.2780576863389691	-1.2781831886239816	0.06586350868207903	0.07349928530185763	0.11355796665780628
0.2808382632023588	-1.277974577697663	0.06608828810508026	0.07654908854840994	0.119773736431115
0.28364664583438237	-1.2777552789466915	0.066323988047332	0.07962372677183203	0.1261853875431669
0.2864831122927262	-1.2775250399795317	0.06657077959140487	0.08271542361623226	0.13278739789176072
0.2893479434156535	-1.2772836266923908	0.0668288037062137	0.08581600318903297	0.1395731701298833
0.29224142284981003	-1.2770308251998783	0.06709816857147645	0.0889169379648144	0.1465350163079266
0.2951638370783081	-1.276766443691161	0.06737894699790985	0.09200940407367217	0.15366415204550635
0.2981154754490912	-1.2764903141831072	0.06767117398040158	0.09508434368134906	0.16095070098690192
0.3010966302035821	-1.2762022941409823	0.06797484442236632	0.09813253422812887	0.16838371017405862
0.30410759650561797	-1.2759022679372969	0.06828991106979677	0.10114466374180264	0.17595117682537298
0.3071486724706742	-1.275590148119632	0.06861628269304507	0.1041114114672282	0.1836400868400274
0.31022015919538093	-1.2752658764591778	0.06895382255308777	0.10702353300081095	0.19143646515793794
0.3133223607873347	-1.274929424753606	0.06930234718688626	0.10987194865878101	0.19932543789894822
0.31645558439520804	-1.2745807953599413	0.06966162554342897	0.11264783395074426	0.20729130598598275
0.31962014023916013	-1.2742200214363149	0.07003137849817374	0.1153427107564711	0.21531762973076612
0.32281634164155176	-1.2738471668749438	0.0704112787688942	0.11794853771891654	0.223387323633967
0.3260445050579673	-1.2734623259129478	0.07080095125049049	0.12045779840297857	0.2314827604301978
0.32930495010854693	-1.2730656224123011	0.07119997378020378	0.12286358562746737	0.23958588319991214
0.33259799960963243	-1.2726572088053147	0.0716078783380451	0.12515968046283932	0.2476783241805806
0.3359239796057288	-1.2722372647074622	0.07202415268022698	0.12734062442826008	0.2557415287460504
0.3392832194017861	-1.271805995204915	0.07244824239616506	0.12940178351530204	0.2637568828909492
0.34267605159580394	-1.2713636288297203	0.07287955337237717	0.13133940286144216	0.27170584246126506
0.34610281211176197	-1.27091041524107	0.07331745463952778	0.13315065088922995	0.27957006231716613
0.3495638402328796	-1.2704466226362263	0.07376128157216481	0.13483365221477975	0.28733152360110953
0.3530594786352084	-1.2699725349194744	0.0742103394045391	0.13638750858875637	0.294972657315223
0.3565900734215605	-1.269488448661638	0.07466390702046584	0.13781230757724725	0.30247646248549576
0.3601559741557761	-1.2689946698863583	0.07512124097063476	0.1391091188065044	0.3098266173045453
0.3637575338973339	-1.2684915107219434	0.0755815796672168	0.14027997798065583	0.3170075817958775
0.36739510923630725	-1.2679792859597758	0.07604414770314992	0.14132785901893574	0.32400469072585364
0.3710690603286703	-1.2674583095610692	0.07650816024216421	0.14225663506764655	0.3308042356985975
0.37477975093195703	-1.2669288911543553	0.0769728274254429	0.14307102906223385	0.3373935355977848
0.3785275484412766	-1.2663913325649643	0.07743735874180559	0.14377655510623832	0.3437609947793471
0.3823128239256894	-1.2658459244166274	0.0779009673103537	0.14437945175879452	0.34989614866445273
0.3861359521649463	-1.265292942842915	0.07836287402759762	0.1448866085186275	0.35578969662416415
0.38999731168659574	-1.2647326463431854	0.07882231153501856	0.14530548709731692	0.3614335222802561
0.3938972848034617	-1.2641652728145343	0.07927852796771626	0.145644038698211	0.3668207015639325
0.39783625765149633	-1.263591036786863	0.07973079045005771	0.14591061894742952	0.37194549907104213
0.4018146202280113	-1.2630101268842522	0.08017838830995014	0.14611390179420558	0.3768033534240887
0.4058327664302914	-1.2624227035311724	0.08062063598929739	0.14626279374403095	0.3813908524960446
0.40989109409459434	-1.261828896917528	0.08105687563426187	0.1463663497112968	0.38570569946512495
0.4139900050355403	-1.2612288052320677	0.08148647935490744	0.14643369156878525	0.3897466707547949
0.4181299050858957	-1.2606224931692507	0.08190885114959014	0.14647393047276785	0.3935135669676784
0.42231120413675466	-1.2600099907106261	0.0823234284948878	0.14649609372493017	0.3970071579487337
0.4265343161781222	-1.2593912921779484	0.08272968360688589	0.1465090568958874	0.40022912311246045
0.43079965933990344	-1.2587663555517163	0.08312712438410261	0.1465214817890104	0.4031819881458958
0.4351076559333025	-1.2581351020460867	0.08351529504628648	0.1465417605381393	0.4058690591540214
0.4394587324926355	-1.2574974159282384	0.083893776486588	0.146577966132148	0.4082943552535424
0.4438533198175619	-1.2568531445684834	0.0842621863573137	0.14663780944881716	0.4104625405452303
0.4482918530157375	-1.2562020987055216	0.08462017891149412	0.1467286027643098	0.41237885631029497
0.45277477154589485	-1.2555440529103645	0.08496744462395399	0.1468572295766499	0.4140490541837943
0.4573025192613538	-1.254878746231311	0.08530370961641875	0.14703012057995907	0.4154793309624561
0.46187554445396733	-1.254205883002336	0.08562873491153711	0.14725323540061705	0.4166762656072218
0.466494299898507	-1.2535251337969515	0.0859423155405267	0.14753204978983503	0.41764675890578884
0.47115924289749206	-1.2528361365099892	0.08624427952860321	0.14787154785994408	0.41839797616767943
0.47587083532646696	-1.2521384975502199	0.08653448678137864	0.14827621888989706	0.4189372932382136
0.48062954367973165	-1.2514317931274102	0.08681282789420484	0.14875005827242613	0.4192722460362294
0.485435839116529	-1.2507155706182986	0.08707922290493482	0.14929657215503717	0.4194104837473154
0.49029019750769426	-1.2499893499969326	0.08733362000892175	0.14991878530647804	0.41935972573796737
0.4951930994827712	-1.249252625315849	0.08757599425326686	0.15061925178924077	0.41912772219846567
0.500145030477599	-1.2485048662257239	0.08780634622546836	0.15140006800396277	0.4187222184717083
0.5051464807823749	-1.2477455195220295	0.08802470074969802	0.15226288773621005	0.41815092298339024
0.5101979455901986	-1.2469740107084806	0.08823110560203283	0.15320893886849996	0.41742147865364726
0.5152999250461006	-1.2461897455679423	0.08842563025410473	0.1542390413988499	0.416541437642501
0.5204529242965615	-1.245392111732439	0.08860836465281637	0.15535362650489093	0.4155182392596909
0.5256574535395272	-1.2445804802448068	0.08877941804206996	0.156552756388772	0.4143591908537306
0.5309140280749225	-1.2437542071051466	0.08893891783083324	0.15783614470231896	0.4130714514842695
0.5362231683556717	-1.2429126347962038	0.08908700851039847	0.1592031773629147	0.4116620181755275
0.5415854000392285	-1.2420550937820936	0.08922385062231589	0.16065293356270843	0.4101377145463698
0.5470012540396207	-1.2411809039754875	0.08934961977727592	0.16218420689985047	0.4085051816132707
0.552471266580017	-1.240289376168606	0.08946450572412978	0.16379552650859186	0.40677087056624367
0.5579959792458171	-1.239379813423943	0.0895687114673077	0.1654851780645243	0.4049410373234262
0.5635759390382753	-1.23845151242064	0.08966245243009446	0.1672512246539841	0.40302173867765817
0.569211698428658	-1.237503764752778	0.08974595566056248	0.1690915274183886	0.40101882985738185
0.5749038154129447	-1.236535858175969	0.08981945907645311	0.1710037659500222	0.3989379633336388
0.5806528535670741	-1.235547077798778	0.08988321074488559	0.17298545837941307	0.3967845887161186
0.5864593821027448	-1.2345367072154347	0.0899374681925188	0.17503398117417937	0.39456395359137936
0.5923239759237723	-1.2335040295766038	0.08998249774162816	0.1771465885732954	0.39228110516807296
0.59824721568301	-1.2324483285948886	0.09001857386752143	0.17932043166449696	0.3899408926048307
0.6042296878398401	-1.2313688894818204	0.09004597857276748	0.18155257707349348	0.3875479699074496
0.6102719847182385	-1.2302649998133326	0.09006500077386877	0.18384002523007825	0.385106799292897
0.6163747045654209	-1.229135950320721	0.09007593569624492	0.18617972818494127	0.382621654927787
0.6225384516110751	-1.2279810356043286	0.09007908427369038	0.18856860694931252	0.3800966269593506
0.6287638361271859	-1.2267995547673989	0.09007475254887053	0.1910035683013398	0.377535625766064
0.6350514744884578	-1.225590811967936	0.0900632510718318	0.193481521014722	0.37494238636441946
0.6414019892333424	-1.2243541168865206	0.0900448942940028	0.1959993914778495	0.3723204729167759
0.6478160091256758	-1.2230887851087413	0.09001999995567063	0.19855413862137866	0.3696732832933983
0.6542941692169326	-1.2217941384210649	0.08998888846547672	0.2011427680995053	0.367004053648989
0.6608371109091019	-1.2204695050197387	0.08995188227103557	0.20376234568957605	0.3643158629815228
0.667445482018193	-1.2191142196328193	0.08990930522036447	0.2064100097804693	0.361611637647117
0.6741199368383749	-1.2177276235559829	0.08986148191438051	0.209082982952479	0.35889415581098427
0.6808611362067587	-1.2163090646035712	0.08980873705128643	0.2117785825459271	0.3561660518198116
0.6876697475688263	-1.21485789697709	0.08975139476422057	0.2144942301438667	0.3534298204857627
0.6945464450445146	-1.2133734810539831	0.08968977795404862	0.21722745993444392	0.35068782127670556
0.7014919094949598	-1.2118551831004576	0.08962420761965789	0.21997592587297407	0.34794228241121783
0.7085068285899093	-1.2103023749128117	0.08955500218855458	0.22273740761500357	0.34519530486005645
0.7155918968758084	-1.208714433392607	0.08948247685092876	0.22550981514495633	0.3424488662589744
0.7227478158445665	-1.2070907400617612	0.08940694290070193	0.22829119210875137	0.339704824739615
0.7299752940030122	-1.2054306805243933	0.08932870708729519	0.2310797177798765	0.33696492268756095
0.7372750469430424	-1.2037336438830397	0.08924807098208981	0.23387370768221205	0.334230790437642
0.7446477974124728	-1.2019990221174717	0.08916533036363938	0.2366716128470038	0.3315039499176586
0.7520942753865976	-1.2002262094350566	0.08908077462577227	0.23947201771191443	0.32878581825203895
0.7596152181404635	-1.198414601602011	0.08899468621268646	0.2422736367090792	0.32607771133702496
0.7672113703218681	-1.1965635952656402	0.08890734008505737	0.2450753095372167	0.32338084739869616
0.7748834840250869	-1.1946725872777464	0.08881900322101775	0.2478759951949906	0.3206963505440452
0.7826323188653378	-1.192740974029934	0.08872993415564634	0.25067476483269857	0.31802525431487466
0.7904586420539912	-1.1907681508117482	0.08864038256231935	0.253470793452297	0.31536850525212456
0.7983632284745311	-1.1887535112023981	0.08855058887892289	0.25626335061210864	0.3127269664774723
0.8063468607592764	-1.186696446507399	0.08846078398156776	0.2590517901368752	0.3101014212964665
0.8144103293668692	-1.1845963452508064	0.08837118890796836	0.261835538995314	0.3074925768261793
0.8225544326605378	-1.1824525927338934	0.08828201463222636	0.2646140854307633	0.30490106764777675
0.8307799769871432	-1.180264570670704	0.088193461892223	0.2673869664472626	0.302327459482652
0.8390877767570146	-1.1780316569106621	0.08810572107033948	0.27015375477492864	0.2997722528885458
0.8474786545245848	-1.1757532252576455	0.08801897212767754	0.2729140454553502	0.29723588696997455
0.8559534410698306	-1.1734286453948786	0.08793338459142996	0.27566744212573613	0.2947187430956336
0.864512975480529	-1.171057282923797	0.08784911759453219	0.27841354317431405	0.2922211486130479
0.8731581052353342	-1.1686384995247898	0.08776631996619935	0.2811519278512552	0.2897433805499574
0.8818896862876876	-1.1661716532466142	0.08768513037147349	0.283882142496234	0.2872856692896879
0.8907085831505644	-1.1636560989306055	0.08760567749743793	0.2866036869711844	0.2848482022071017
0.8996156689820701	-1.1610911887748847	0.08752808028331244	0.2893160014338063	0.2824311272507462
0.9086118256718908	-1.1584762730426268	0.08745244819126816	0.2920184535716168	0.2800345564558643
0.9176979439286097	-1.155810700917763	0.08737888151442588	0.29471032638630756	0.27765856937306754
0.9268749233678958	-1.1530938215100408	0.08730747171821951	0.29739080666120815	0.27530321639691624
0.9361436726015747	-1.15032498501069	0.08723830181102657	0.30005897418517585	0.2729685219793487
0.9455051093275905	-1.1475035439985084	0.08717144673979726	0.3027137918440989	0.27065448771289047
0.9549601604208664	-1.1446288548951997	0.08710697380622193	0.3053540966627066	0.26836109526984125
0.9645097620250751	-1.1417002795676752	0.0870449430989279	0.3079785918598222	0.26608830918419424
0.9741548596453259	-1.138717187073689	0.08698540793711888	0.31058584002391665	0.2638360794645679
0.9838964082417792	-1.1356789555462103	0.08692841532110335	0.3131742574387779	0.26160434402772875
0.993735372324197	-1.132584974210646	0.08687400638522418	0.3157421096319141	0.2593930309437919
1.003672726047439	-1.1294346455278204	0.08682221684880505	0.31828750820339025	0.25720206048611227
1.0137094533079134	-1.1262273874546238	0.08677307746091356	0.3208084089530855	0.2550313469803848
1.0238465478409926	-1.1229626358128975	0.0867266144349297	0.32330261135754323	0.25288080044979677
1.0340850133194026	-1.1196398467561357	0.08668284986918037	0.32576775941993535	0.2507503280545264
1.0444258634525967	-1.116258499322471	0.08664180215016493	0.328201343890343	0.24863983532628636
1.0548701220871226	-1.1128180980614244	0.08660348633525528	0.3306007058789276	0.2465492272001126
1.0654188233079938	-1.1093181757206276	0.08656791451205537	0.33296304186108283	0.2444784088479245
1.0760730115410737	-1.1057582959783634	0.08653509613203504	0.33528541003714385	0.24242728631972385
1.0868337416564844	-1.102138056206114	0.08650503831640054	0.33756473805915493	0.24039576700041346
1.0977020790730492	-1.09845709024543	0.08647774613260914	0.3397978320539861	0.2383837598914772
1.1086790998637797	-1.0947150711818208	0.08645322284032327	0.34198138693353797	0.23639117572842627
1.1197658908624175	-1.0909117140985267	0.08643147010604292	0.34411199791969754	0.2344179269460575
1.1309635497710417	-1.0870467787921316	0.0864124881860567	0.3461861732204832	0.23246392750478434
1.1422731852687522	-1.0831200724317882	0.0863962760777795	0.34820034779137604	0.23052909259211585
1.1536959171214398	-1.0791314521434936	0.0863828316399264	0.35015089809646166	0.22861333821419652
1.1652328762926543	-1.0750808275009163	0.08637215168237036	0.352034157771075	0.22671658069279338
1.176885205055581	-1.0709681629042727	0.08636423202688884	0.35384643408881106	0.22483873608343466
1.1886540571061368	-1.0667934798290157	0.08635906754032038	0.35558402511615084	0.22297971953076082
1.2005405976771981	-1.0625568589265446	0.08635665214199587	0.3572432374340509	0.22113944457659507
1.2125460036539701	-1.0582584419595573	0.08635697878752599	0.35882040430561174	0.2193178224367046
1.2246714636905098	-1.0538984335557695	0.08636003943131967	0.36031190414549175	0.2175147612611044
1.236918178327415	-1.0494771027642558	0.08636582497034716	0.3617141791581411	0.215730165392646
1.249287360110689	-1.0449947844000622	0.0863743251718562	0.3630237539933231	0.2139639346376357
1.261780233711796	-1.0404518801637999	0.08638552858783509	0.364237254287597	0.21221596356140493
1.274398036048914	-1.0358488595245983	0.0863994224590963	0.3653514249171268	0.21048614082074038
1.2871420164094032	-1.0311862603561386	0.08641599261187513	0.36636314783442997	0.2087743485438886
1.3000134365734972	-1.0264646893171445	0.08643522334981003	0.3672694593404467	0.20708046176771563
1.313013570939232	-1.0216848219699954	0.0864570973441329	0.3680675666323796	0.20540434794019224
1.3261437066486244	-1.016847402632311	0.08648159552477662	0.3687548635115378	0.20374586649512919
1.3394051437151107	-1.0119532439591556	0.08650869697498373	0.36932894509543635	0.20210486850467668
1.3527991951522618	-1.0070032262547126	0.086538378831822	0.3697876214412268	0.20048119641369658
1.3663271871037843	-1.001998296515326	0.08657061619483637	0.370128929933002	0.19887468385871065
1.3799904589748222	-0.9969394672069071	0.08660538204480642	0.37035114636325595	0.19728515557294704
1.3937903635645705	-0.9918278147825655	0.08664264717436562	0.37045279460051334	0.19571242737752545
1.4077282672002163	-0.9866644779479965	0.08668238013197159	0.3704326547698947	0.19415630625759756
1.4218055498722184	-0.981450655683866	0.08672454718041646	0.3702897699082195	0.1926165905214013
1.4360236053709405	-0.9761876050371031	0.08676911227083674	0.3700234510134578	0.19109307003866136
1.45038384142465	-0.9708766386936737	0.08681603703284808	0.3696332804967135	0.1895855265542984
1.4648876798388963	-0.9655191223479431	0.08686528078120012	0.369119114002002	0.1880937340722255
1.4795365566372853	-0.960116471884597	0.08691680053903796	0.3684810806104957	0.18661745930353385
1.4943319222036582	-0.9546701503905637	0.08697055107762838	0.3677195814451999	0.1851564621726311
1.5092752414256947	-0.9491816650155002	0.08702648497215346	0.3668352867171495	0.18371049637454967
1.5243679938399517	-0.9436525637000858	0.08708455267294346	0.36582913125942546	0.182279309976264
1.5396116737783512	-0.9380844317922444	0.0871447025913436	0.3647023086193972	0.18086264605466787
1.5550077905161348	-0.932478888571604	0.0872068811992052	0.36345626378756707	0.17946024336372474
1.5705578684212962	-0.9268375837030779	0.08727103314086003	0.3620926846471076	0.1780718370234833
1.5862634471055093	-0.9211621936400595	0.08733710135629964	0.3606134922521036	0.1766971592235471
1.6021260815765643	-0.9154544179979018	0.08740502721418415	0.35902083003701735	0.17533593993410682
1.61814734239233	-0.9097159759177698	0.08747475065325051	0.35731705207323833	0.1739879076176537
1.6343288158162534	-0.9039486024403582	0.08754621033061574	0.3555047104967147	0.17265278993511785
1.6506721039744159	-0.8981540449084899	0.08761934377548898	0.35358654222449454	0.17133031444046923
1.6671788250141601	-0.8923340594163259	0.08769408754677006	0.3515654550898428	0.17002020925845174
1.6838506132643019	-0.8864904073222294	0.08777037739307869	0.3494445135201717	0.1687222037404749
1.700689119396945	-0.8806248518410389	0.08784814841378351	0.3472269238810942	0.16743602909441008
1.7176960105909143	-0.8747391547301737	0.08792733521966033	0.3449160196112245	0.16616141898452935
1.7348729706968233	-0.8688350730829772	0.08800787209191979	0.34251524625698904	0.16489811009840366
1.7522217004037917	-0.8629143562408264	0.088089693138391	0.34002814653132835	0.16364584267816304
1.7697439174078295	-0.8569787428347645	0.08817273244580433	0.3374583454892297	0.1624043610140881
1.7874413565819078	-0.8510299579652169	0.0882569242271663	0.33480953592975476	0.1611734138990245
1.805315770147727	-0.8450697105277833	0.08834220296341279	0.33208546410546735	0.15995275504255183
1.8233689278492042	-0.8390996906907978	0.0884285035385455	0.3292899158274645	0.15874214344451398
1.8416026171276962	-0.833121567529684	0.08851576136768202	0.32642670303873605	0.15754134372770845
1.8600186432989732	-0.827136986821345	0.0886039125174842	0.3234996509165839	0.15635012643007726
1.8786188297319628	-0.821147569000732	0.08869289381857635	0.320512585562906	0.15516826825709434
1.8974050180292825	-0.8151549072805021	0.0887826429696915	0.3174693223280252	0.15399555229533696
1.9163790682095754	-0.8091605659335384	0.08887309863334658	0.31437365480202345	0.15283176818847063
1.9355428588916712	-0.8031660787369784	0.0889642005229817	0.3112293445080354	0.15167671227713495
1.954898287480588	-0.7971729475755087	0.08905588948155954	0.30804011131297204	0.15053018770446122
1.974447270355394	-0.7911826412009012	0.08914810755171794	0.30480962457115535	0.14939200448903003
1.994191743058948	-0.7851965941437477	0.08924079803764084	0.30154149500549865	0.14826197956719334
2.0141336604895375	-0.779216205772897	0.08933390555885422	0.29823926732602335	0.1471399368068147
2.0342749970944327	-0.7732428394973933	0.08942737609623905	0.2949064135781418	0.14602570699452727
2.054617747065377	-0.7672778221053049	0.08952115703057283	0.2915463272073526	0.14491912779858082
2.0751639245360307	-0.761322443233242	0.08961519717395125	0.28816231782589896	0.14382004370941323
2.095915563781391	-0.755377954960358	0.08970944679450062	0.2847576066562177	0.14272830595995312
2.1168747194192052	-0.74944557152001	0.08980385763474846	0.2813353226293658	0.1416437724278006
2.1380434666133974	-0.7435264691224178	0.08989838292411435	0.2778984991083871	0.1405663075211553
2.1594239012795313	-0.7376217858813119	0.08999297738592194	0.27445007120838794	0.13949578205043395
2.1810181402923265	-0.7317326218377253	0.09008759723937428	0.2709928736782153	0.13843207308740174
2.20282832169525	-0.7258600390738724	0.09018220019692373	0.26752963931477525	0.1373750638135179
2.2248566049122025	-0.7200050619104337	0.09027674545744617	0.26406299787050885	0.13632464335914177
2.2471051709613246	-0.7141686771804193	0.09037119369564832	0.26059547542322925	0.1352807066351093
2.269576222670938	-0.708351834572981	0.09046550704808057	0.25712949417179715	0.13424315415810753
2.2922719848976474	-0.7025554470409495	0.09055964909615824	0.25366737262317424	0.13321189187114943
2.3151947047466237	-0.6967803912657343	0.09065358484653539	0.2502113261374382	0.13218683096036726
2.33834665179409	-0.6910275081738542	0.0907472807091827	0.24676346779626687	0.13116788766923965
2.361730118312031	-0.6852976034992404	0.09084070447347854	0.24332580956460637	0.1301549831112564
2.3853474194951514	-0.6795914483860375	0.09093382528262386	0.23990026371292875	0.12914804308186303
2.409200893690103	-0.6739097800267696	0.09102661360664076	0.2364886444707897	0.1281469978706542
2.433292902627004	-0.6682533023310113	0.09111904121422433	0.23309266988389649	0.12715178207440467
2.457625831653274	-0.6626226866199746	0.09121108114366723	0.22971396384834117	0.1261623344115968
2.4822020899698067	-0.657018572342964	0.09130270767306987	0.22635405829489166	0.12517859753914712
2.5070241108695046	-0.6514415678114348	0.09139389629003125	0.22301439550308463	0.12420051787163924
2.5320943519781998	-0.645892250947341	0.0914846236609874	0.21969633051935358	0.12322804540364603
2.557415295497982	-0.640371170041992	0.09157486760034131	0.21640113366290065	0.1222611335354194
2.582989448452962	-0.6348788445226229	0.09166460703953545	0.21312999309738964	0.12129973890228737
2.6088193429374913	-0.6294157657236039	0.09175382199616695	0.20988401745302193	0.12034382120803858
2.634907536366866	-0.6239823976596977	0.09184249354325438	0.20666423848331095	0.11939334306245943
2.661256611730535	-0.6185791777991466	0.09193060377874998	0.20347161374069692	0.11844826982325188
2.6878691778478405	-0.6132065178341356	0.0920181357953692	0.2003070292610985	0.11750856944235272
2.714747869626319	-0.6078648044469356	0.09210507365078192	0.19717130224308127	0.11657421231695762
2.7418953483225823	-0.6025544000699494	0.09219140233826385	0.19406518371271042	0.1156451711450478
2.769314301805808	-0.5972756436379796	0.09227710775779457	0.19098936116492277	0.11472142078570388
2.797007444823866	-0.5920288513314953	0.09236217668768848	0.1879444611733074	0.11380293812405284
2.8249775192721045	-0.5868143173096171	0.09244659675674496	0.18493105196088946	0.11288970194095582
2.8532272944648254	-0.5816323144317663	0.0925303564169701	0.1819496459267219	0.11198169278733872
2.881759567409474	-0.5764830949671197	0.09261344491686051	0.17900070212198133	0.11107889286316457
2.9105771630835684	-0.5713668912910536	0.09269585227528011	0.17608462867219535	0.11018128590099685
2.939682934714404	-0.5662839165679048	0.09277756925591547	0.17320178514149412	0.10928885705408797
2.969079764061548	-0.5612343654195564	0.09285858734232437	0.17035248483575188	0.10840159278891152
2.9987705617021634	-0.5562184145793648	0.09293889871357404	0.16753699704280478	0.10751948078206218
3.028758267319185	-0.5512362235310887	0.09301849622046218	0.16475554920720217	0.10664250982146699
3.0590458499923767	-0.5462879351326265	0.09309737336232103	0.16200832903846332	0.10577066971176885
3.0896363084923006	-0.5413736762241709	0.09317552426438297	0.15929548655254577	0.10490395118381396
3.1205326715772235	-0.5364935582209098	0.09325294365571819	0.15661713604512664	0.1040423458081702
3.1517379982929956	-0.5316476776900798	0.09332962684771952	0.15397335799672632	0.1031858459125204
3.1832553782759256	-0.5268361169123733	0.09340556971313208	0.15136420091036326	0.10233444450286003
3.215087932058685	-0.5220589444277335	0.09348076866560719	0.14878968308187757	0.101488135188411
3.2472388113792716	-0.517316215565731	0.09355522063978686	0.14624979430338825	0.10064691211012657
3.2797111994930646	-0.5126079729605135	0.09362892307188103	0.14374449750092033	0.09981076987267631
3.312508311487995	-0.5079342470505773	0.09370187388075603	0.14127373030750187	0.09897970347984208
3.345633394602875	-0.503295056563549	0.09377407144949626	0.1388374065724073	0.09815370827316915
3.379089728548904	-0.4986904089861143	0.09384551460744558	0.13643541780852403	0.0973327798738491
3.412880625834393	-0.4941203010194669	0.0939162026127126	0.134067634578563	0.09651691412764359
3.447009432092737	-0.48958471902039785	0.09398613513511637	0.13173390782224495	0.09570610705283647
3.4814795264136644	-0.48508363942844335	0.09405531223959805	0.1294340701255284	0.0949003547910198
3.516294321677801	-0.480617029179171	0.09412373437003455	0.1271679369341242	0.09409965356074214
3.5514572648945792	-0.4761848461041837	0.09419140233349976	0.12493530771207988	0.0933039996137957
3.586971837543525	-0.47178703931785904	0.09425831728492634	0.12273596704810878	0.09251338919413617
3.62284155591896	-0.46742354959135474	0.0943244807121756	0.12056968571060181	0.0917278184993263
3.6590699714781496	-0.46309430971405574	0.09438989442150544	0.11843622165341638	0.09094728364437343
3.695660671192931	-0.45879924484287576	0.09445456052342475	0.11633532097405648	0.09017178062793729
3.7326172779048603	-0.4545382728396569	0.09451848141893165	0.11426671882596123	0.08940130530076641
3.769943450683909	-0.45031130459707236	0.09458165978612262	0.11223014028644944	0.08863585333631373
3.8076428851907482	-0.4461182443532678	0.09464409856716857	0.1102253011821436	0.0878754202034454
3.8457193140426558	-0.44195898999561783	0.09470580095565954	0.1082519088734373	0.08712000114112008
3.8841765071830823	-0.43783343335386943	0.09476677038428172	0.10630966299964961	0.08636959113505867
3.923018272254913	-0.43374146048306533	0.09482701051287146	0.10439825618618195	0.08562418489618867
3.962248454977462	-0.42968295193643985	0.09488652521678592	0.10251737471566928	0.0848837768409259
4.001870939527237	-0.42565778302869184	0.09494531857562294	0.10066669916412792	0.0841483610731266
4.041889648922509	-0.4216658240898659	0.09500339486226067	0.09884590500388642	0.08341793136768577
4.082308545411734	-0.41770694071018866	0.0950607585322337	0.09705466317456878	0.08269248115567328
4.123131630865851	-0.41378099397610585	0.09511741421341326	0.09529264062345835	0.081972003511002
4.164362947174509	-0.409887840697825	0.09517336669601503	0.09355950081671578	0.0812564911384858
4.206006576646255	-0.40602733362862853	0.09522862092290013	0.09185490422254211	0.08054593636328872
4.248066642412717	-0.4021993216762331	0.0952831819801909	0.09017850876771534	0.079840331121655
4.290547308836844	-0.3984036501064551	0.09533705508817501	0.08852997026850014	0.07913966695289937
4.333452781925213	-0.39464016073942665	0.0953902455925086	0.0869089428372926	0.07844393499254097
4.376787309744465	-0.39090869213864904	0.09544275895569634	0.08531507926589993	0.07775312596661942
4.42055518284191	-0.38720907979306013	0.09549460074886672	0.08374803138668672	0.07706723018700884
4.464760734670329	-0.3835411562924242	0.09554577664380505	0.08220745041254854	0.07638623754781303
4.509408342017032	-0.3799047514962122	0.09559629240528074	0.08069298725670045	0.07571013752264037
4.554502425437202	-0.37629969269624625	0.09564615388361308	0.07920429283319427	0.07503891916288702
4.600047449691575	-0.37272580477325795	0.0956953670075231	0.07774101833926497	0.07437257109678327
4.64604792418849	-0.36918291034766837	0.09574393777722495	0.07630281552001426	0.07371108152930651
4.6925084034303755	-0.3656708299246756	0.09579187225777248	0.07488933691671729	0.0730544382428578
4.739433487464679	-0.36218938203393714	0.09583917657265018	0.07350023609917135	0.07240262859862222
4.786827822339326	-0.3587383833639767	0.09588585689760212	0.07213516788311844	0.07175563953865063
4.834696100562719	-0.35531764889156964	0.09593191945469963	0.07079378853331117	0.07111345758854308
4.883043061568347	-0.3519269920061804	0.09597737050663446	0.06947575595305311	0.07047606886074369
4.93187349218403	-0.34856622462975556	0.09602221635123581	0.06818072986074523	0.06984345905839019
4.98119222710587	-0.3452351573318821	0.09606646331620938	0.06690837195429407	0.06921561347965928
5.031004149376929	-0.341933599440629	0.0961101177540842	0.06565834606377295	0.0685925170226367
5.081314190870698	-0.33866135914912665	0.09615318603737592	0.06443031829304133	0.06797415419058798
5.132127332779405	-0.33541824361804035	0.09619567455394311	0.0632239571509314	0.067360509097681
5.1834486061071985	-0.3322040590741391	0.09623758970255099	0.062038933672405594	0.06675156547505906
5.23528309216827	-0.329018610905044	0.0962789378886217	0.06087492153031672	0.06614730667729078
5.287635923089953	-0.32586170375031165	0.09631972552017593	0.05973159713819532	0.06554771568912676
5.340512282320852	-0.32273314158898403	0.09635995900395429	0.058608639744556414	0.06495277513254698
5.393917405144061	-0.31963272782372715	0.09639964474171707	0.05750573151919138	0.06436246727409624
5.447856579195501	-0.31656026536167736	0.09643878912671823	0.05642255763178707	0.06377677403242647
5.502335144987456	-0.313515556692115	0.09647739854034722	0.05535880632339972	0.06319567698608207
5.557358496437331	-0.3104984039610775	0.09651547934892657	0.05431416897106471	0.06261915738147784
5.612932081401705	-0.3075086090430226	0.09655303790067979	0.0532883401459571	0.06204719614101675
5.669061402215722	-0.3045459736096391	0.09659008052283814	0.05228101766546394	0.06147977387140516
5.725752016237879	-0.3016102991959081	0.09662661351891244	0.05129190263946163	0.060916870872038606
5.783009536400258	-0.29870138726352524	0.09666264316608898	0.05032069951115905	0.06035846714355367
5.840839631764261	-0.29581903926175607	0.09669817571278003	0.04936711609276873	0.059804542396434034
5.899248028081904	-0.2929630566858326	0.09673321737630719	0.04843086359633968	0.05925507605969405
5.9582405083627235	-0.2901332411329547	0.09676777434069982	0.04751165665998162	0.058710047289643325
6.01782291344635	-0.28732939435603205	0.09680185275464263	0.046609213369768726	0.05816943497866527
6.078001142580814	-0.2845513183151741	0.09683545872952931	0.04572325527755397	0.057633217764028744
6.138781154006622	-0.2817988152270536	0.09686859833763191	0.0448535074149633	0.05710137403673077
6.2001689655466885	-0.27907168761222945	0.09690127761039506	0.04399969830373889	0.056573881950320266
6.262170655202156	-0.2763697383404746	0.09693350253682956	0.04316155996268945	0.05605071942971674
6.324792361754177	-0.273692770674138	0.09696527906201455	0.04233882791146707	0.0555318641800062
6.388040285371719	-0.2710405883097408	0.09699661308570032	0.04153124117126354	0.05501729369520324
6.451920688225437	-0.2684129954177259	0.09702751046101457	0.04073854226275382	0.05450698526696594
6.516439895107691	-0.2658097966804792	0.09705797699324561	0.03996047720134991	0.05400091599326271
6.581604294058768	-0.2632307973287317	0.09708801843873739	0.039196795489962764	0.0534990627869724
6.647420336999356	-0.26067580317632005	0.09711764050385552	0.03844725010945537	0.05300140238441637
6.713894540369349	-0.2581446206534222	0.09714684884404584	0.037711597506899945	0.05250791135381106
6.781033485773043	-0.2556370568382644	0.09717564906296673	0.03698959758181261	0.05201856610363148
6.848843820630774	-0.25315291948743046	0.09720404671169604	0.03628101367045971	0.051533342890907455
6.917332258837082	-0.25069201706473804	0.0972320472880264	0.03558561252842137	0.05105221782937352
6.986505581425453	-0.24825415876879994	0.09725965623581095	0.03490316431147362	0.05057516689757293
7.0563706372397075	-0.24583915455928187	0.09728687894439125	0.034233442554941027	0.050102165946816705
7.126934343612104	-0.24344681518188604	0.09731372074808176	0.0335762241516311	0.04963319070903893
7.198203687048226	-0.2410769521921635	0.09734018692571875	0.03293128932842555	0.04916821680454921
7.270185723918708	-0.2387293779781287	0.09736628270026969	0.032298421621659024	0.04870721974963832
7.342887581157895	-0.2364039057817813	0.09739201323849796	0.0316774078513531	0.04825017496409787
7.416316456969474	-0.2341003497194935	0.09741738365067885	0.03106803809441943	0.04779705777856927
7.490479621539169	-0.23181852480141135	0.09744239899036908	0.030470105656882112	0.047347843441811796
7.565384417754561	-0.2295582469497909	0.09746706425422405	0.029883407045240486	0.04690250712779976
7.641038261932106	-0.2273193330163858	0.09749138438186723	0.029307741937009864	0.04646102394270774
7.717448644551427	-0.22510160079888722	0.09751536425579296	0.028742913150535013	0.046023368931759866
7.794623130996942	-0.22290486905644838	0.09753900870132023	0.028188726614137172	0.04558951708593846
7.872569362306911	-0.2207289575243422	0.09756232248658221	0.02764499133465059	0.04515944334855448
7.951295055929981	-0.21857368692776855	0.0975853103225617	0.027111519365428372	0.044733122621686966
8.03080800648928	-0.21643887899483133	0.09760797686314296	0.026588125773854245	0.04431052977248677
8.111116086554173	-0.2143243564687451	0.09763032670522469	0.026074628608429275	0.04389163963932034
8.192227247419714	-0.21222994311928095	0.09765236438884439	0.025570848865470664	0.04347642703780396
8.27414951989391	-0.21015546375345534	0.0976740943973392	0.025076610455493125	0.0430648667666763
8.35689101509285	-0.20810074422554042	0.0976955211575416	0.024591740169293223	0.04265693361354803
8.440459925243779	-0.20606561144637536	0.09771664903999167	0.02411606764379519	0.04225260236050183
8.524864524496216	-0.20404989339200758	0.09773748235918632	0.02364942532770399	0.041851847789559624
8.610113169741178	-0.20205341911173372	0.0977580253738441	0.023191648446979622	0.041454644688008524
8.696214301438589	-0.200076018735487	0.09777828228719569	0.02274257497020059	0.04106096785360409
8.783176444452975	-0.19811752348066283	0.09779825724729681	0.022302045573827357	0.04067079209961495
8.871008208897505	-0.19617776565835862	0.09781795434736246	0.021869903607409116	0.04028409225975236
8.95971829098648	-0.19425657867906984	0.09783737762611057	0.02144599505876093	0.039900843192964525
9.049315473896344	-0.19235379705785738	0.09785653106813676	0.02103016851913873	0.03952101978808714
9.139808628635308	-0.19046925641900084	0.09787541860429795	0.020622275148442837	0.039144596968370596
9.231206714921662	-0.1886027935001594	0.09789404411210807	0.020222168640475987	0.038771549695886004
9.32351878207088	-0.18675424615606004	0.09791241141615509	0.019829705188265715	0.03840185297578721
9.416753969891587	-0.18492345336173416	0.09793052428852889	0.01944474344949895	0.0380354818604567
9.510921509590503	-0.1831102552152996	0.0979483864492546	0.01906714451206392	0.03767241145353252
9.606030724686407	-0.18131449294033347	0.09796600156674727	0.01869677185973479	0.03731261691379461
9.702091031933271	-0.179536008887828	0.09798337325827274	0.018333491338014266	0.036956073458944944
9.799111942252605	-0.17777464653775954	0.09800050509041358	0.017977171120142695	0.03660275636926828
9.89710306167513	-0.1760302505002618	0.09801740057954778	0.017627681673307194	0.036252640991164604
9.996074092291881	-0.17430266651647344	0.09803406319233644	0.017284895725041726	0.035905702740578235
