#H	log(g(EgsH))	g(EgsH)	EgsH
0	0.693147	2	-112
0.01	0.693147	2	-112
0.02	0.693147	2	-112
0.03	0.693147	2	-112
0.04	0.693147	2	-112
0.05	0.693147	2	-112
0.06	0.693147	2	-112
0.07	0.693147	2	-112
0.08	0.693147	2	-112
0.09	0.693147	2	-112
0.1	0.693147	2	-112
0.1	0.693147	2	-112
0.11	0.693147	2	-112
0.111111	0.693147	2	-112
0.12	0.693147	2	-112
0.125	0.693147	2	-112
0.13	0.693147	2	-112
0.14	0.693147	2	-112
0.142857	0.693147	2	-112
0.15	0.693147	2	-112
0.16	0.693147	2	-112
0.166667	0.693147	2	-112
0.17	0.693147	2	-112
0.18	0.693147	2	-112
0.19	0.693147	2	-112
0.2	0.693147	2	-112
0.2	0.693147	2	-112
0.2	0.693147	2	-112
0.21	0.693147	2	-112
0.22	0.693147	2	-112
0.222222	0.693147	2	-112
0.23	0.693147	2	-112
0.24	0.693147	2	-112
0.25	0.693147	2	-112
0.25	0.693147	2	-112
0.25	0.693147	2	-112
0.26	0.693147	2	-112
0.27	0.693147	2	-112
0.28	0.693147	2	-112
0.285714	0.693147	2	-112
0.29	0.693147	2	-112
0.3	0.693147	2	-112
0.3	0.693147	2	-112
0.31	0.693147	2	-112
0.32	0.693147	2	-112
0.33	0.693147	2	-112
0.333333	0.693147	2	-112
0.333333	0.693147	2	-112
0.333333	0.693147	2	-112
0.34	0.693147	2	-112
0.35	0.693147	2	-112
0.36	0.693147	2	-112
0.37	0.693147	2	-112
0.375	0.693147	2	-112
0.38	0.693147	2	-112
0.39	0.693147	2	-112
0.4	0.693147	2	-112
0.4	0.693147	2	-112
0.4	0.693147	2	-112
0.41	0.693147	2	-112
0.42	0.693147	2	-112
0.428571	0.693147	2	-112
0.43	0.693147	2	-112
0.44	0.693147	2	-112
0.444444	0.693147	2	-112
0.45	0.693147	2	-112
0.46	0.693147	2	-112
0.47	0.693147	2	-112
0.48	0.693147	2	-112
0.49	0.693147	2	-112
0.5	0.693147	2	-112
0.5	0.693147	2	-112
0.5	0.693147	2	-112
0.5	0.693147	2	-112
0.5	0.693147	2	-112
0.5	0.693147	2	-112
0.51	0.693147	2	-112
0.52	0.693147	2	-112
0.53	0.693147	2	-112
0.54	0.693147	2	-112
0.55	0.693147	2	-112
0.555556	0.693147	2	-112
0.56	0.693147	2	-112
0.57	0.693147	2	-112
0.571429	0.693147	2	-112
0.58	0.693147	2	-112
0.59	0.693147	2	-112
0.6	0.693147	2	-112
0.6	0.693147	2	-112
0.6	0.693147	2	-112
0.61	0.693147	2	-112
0.62	0.693147	2	-112
0.625	0.693147	2	-112
0.63	0.693147	2	-112
0.64	0.693147	2	-112
0.65	0.693147	2	-112
0.66	0.693147	2	-112
0.666667	0.693147	2	-112
0.666667	0.693147	2	-112
0.666667	0.693147	2	-112
0.67	0.693147	2	-112
0.68	0.693147	2	-112
0.69	0.693147	2	-112
0.7	0.693147	2	-112
0.7	0.693147	2	-112
0.71	0.693147	2	-112
0.714286	0.693147	2	-112
0.72	0.693147	2	-112
0.73	0.693147	2	-112
0.74	0.693147	2	-112
0.75	0.693147	2	-112
0.75	0.693147	2	-112
0.75	0.693147	2	-112
0.76	0.693147	2	-112
0.77	0.693147	2	-112
0.777778	0.693147	2	-112
0.78	0.693147	2	-112
0.79	0.693147	2	-112
0.8	0.693147	2	-112
0.8	0.693147	2	-112
0.8	0.693147	2	-112
0.81	0.693147	2	-112
0.82	0.693147	2	-112
0.83	0.693147	2	-112
0.833333	0.693147	2	-112
0.84	0.693147	2	-112
0.85	0.693147	2	-112
0.857143	0.693147	2	-112
0.86	0.693147	2	-112
0.87	0.693147	2	-112
0.875	0.693147	2	-112
0.88	0.693147	2	-112
0.888889	0.693147	2	-112
0.89	0.693147	2	-112
0.9	0.693147	2	-112
0.9	0.693147	2	-112
0.91	0.693147	2	-112
0.92	0.693147	2	-112
0.93	0.693147	2	-112
0.94	0.693147	2	-112
0.95	0.693147	2	-112
0.96	0.693147	2	-112
0.97	0.693147	2	-112
0.98	0.693147	2	-112
0.99	0.693147	2	-112
1	1.79176	6	-112
1.01	1.38629	4	-112.16
1.02	1.38629	4	-112.32
1.03	1.38629	4	-112.48
1.04	1.38629	4	-112.64
1.05	1.38629	4	-112.8
1.06	1.38629	4	-112.96
1.07	1.38629	4	-113.12
1.08	1.38629	4	-113.28
1.09	1.38629	4	-113.44
1.1	1.38629	4	-113.6
1.11	1.38629	4	-113.76
1.12	1.38629	4	-113.92
1.125	1.38629	4	-114
1.13	1.38629	4	-114.08
1.14	1.38629	4	-114.24
1.14286	1.38629	4	-114.286
1.15	1.38629	4	-114.4
1.16	1.38629	4	-114.56
1.16667	1.38629	4	-114.667
1.17	1.38629	4	-114.72
1.18	1.38629	4	-114.88
1.19	1.38629	4	-115.04
1.2	1.38629	4	-115.2
1.2	1.38629	4	-115.2
1.21	1.38629	4	-115.36
1.22	1.38629	4	-115.52
1.23	1.38629	4	-115.68
1.24	1.38629	4	-115.84
1.25	1.38629	4	-116
1.25	1.38629	4	-116
1.26	1.38629	4	-116.16
1.27	1.38629	4	-116.32
1.28	1.38629	4	-116.48
1.28571	1.38629	4	-116.571
1.29	1.38629	4	-116.64
1.3	1.38629	4	-116.8
1.31	1.38629	4	-116.96
1.32	1.38629	4	-117.12
1.33	1.38629	4	-117.28
1.33333	1.38629	4	-117.333
1.33333	1.38629	4	-117.333
1.34	1.38629	4	-117.44
1.35	1.38629	4	-117.6
1.36	1.38629	4	-117.76
1.37	1.38629	4	-117.92
1.38	1.38629	4	-118.08
1.39	1.38629	4	-118.24
1.4	1.38629	4	-118.4
1.4	1.38629	4	-118.4
1.41	1.38629	4	-118.56
1.42	1.38629	4	-118.72
1.43	1.38629	4	-118.88
1.44	1.38629	4	-119.04
1.45	1.38629	4	-119.2
1.46	1.38629	4	-119.36
1.47	1.38629	4	-119.52
1.48	1.38629	4	-119.68
1.49	1.38629	4	-119.84
1.5	1.38629	4	-120
1.5	1.38629	4	-120
1.5	1.38629	4	-120
1.5	1.38629	4	-120
1.51	1.38629	4	-120.16
1.52	1.38629	4	-120.32
1.53	1.38629	4	-120.48
1.54	1.38629	4	-120.64
1.55	1.38629	4	-120.8
1.56	1.38629	4	-120.96
1.57	1.38629	4	-121.12
1.58	1.38629	4	-121.28
1.59	1.38629	4	-121.44
1.6	1.38629	4	-121.6
1.6	1.38629	4	-121.6
1.61	1.38629	4	-121.76
1.62	1.38629	4	-121.92
1.63	1.38629	4	-122.08
1.64	1.38629	4	-122.24
1.65	1.38629	4	-122.4
1.66	1.38629	4	-122.56
1.66667	1.38629	4	-122.667
1.67	1.38629	4	-122.72
1.68	1.38629	4	-122.88
1.69	1.38629	4	-123.04
1.7	1.38629	4	-123.2
1.71	1.38629	4	-123.36
1.72	1.38629	4	-123.52
1.73	1.38629	4	-123.68
1.74	1.38629	4	-123.84
1.75	1.38629	4	-124
1.75	1.38629	4	-124
1.76	1.38629	4	-124.16
1.77	1.38629	4	-124.32
1.78	1.38629	4	-124.48
1.79	1.38629	4	-124.64
1.8	1.38629	4	-124.8
1.8	1.38629	4	-124.8
1.81	1.38629	4	-124.96
1.82	1.38629	4	-125.12
1.83	1.38629	4	-125.28
1.84	1.38629	4	-125.44
1.85	1.38629	4	-125.6
1.86	1.38629	4	-125.76
1.87	1.38629	4	-125.92
1.88	1.38629	4	-126.08
1.89	1.38629	4	-126.24
1.9	1.38629	4	-126.4
1.91	1.38629	4	-126.56
1.92	1.38629	4	-126.72
1.93	1.38629	4	-126.88
1.94	1.38629	4	-127.04
1.95	1.38629	4	-127.2
1.96	1.38629	4	-127.36
1.97	1.38629	4	-127.52
1.98	1.38629	4	-127.68
1.99	1.38629	4	-127.84
2	3.04452	21	-128
2	3.04452	21	-128
2	3.04452	21	-128
2	3.04452	21	-128
2.01	0	1	-128.64
2.02	0	1	-129.28
2.03	0	1	-129.92
2.04	0	1	-130.56
2.05	0	1	-131.2
2.06	0	1	-131.84
2.07	0	1	-132.48
2.08	0	1	-133.12
2.09	0	1	-133.76
2.1	0	1	-134.4
2.11	0	1	-135.04
2.12	0	1	-135.68
2.13	0	1	-136.32
2.14	0	1	-136.96
2.15	0	1	-137.6
2.16	0	1	-138.24
2.17	0	1	-138.88
2.18	0	1	-139.52
2.19	0	1	-140.16
2.2	0	1	-140.8
2.21	0	1	-141.44
2.22	0	1	-142.08
2.23	0	1	-142.72
2.24	0	1	-143.36
2.25	0	1	-144
2.25	0	1	-144
2.26	0	1	-144.64
2.27	0	1	-145.28
2.28	0	1	-145.92
2.29	0	1	-146.56
2.3	0	1	-147.2
2.31	0	1	-147.84
2.32	0	1	-148.48
2.33	0	1	-149.12
2.33333	0	1	-149.333
2.34	0	1	-149.76
2.35	0	1	-150.4
2.36	0	1	-151.04
2.37	0	1	-151.68
2.38	0	1	-152.32
2.39	0	1	-152.96
2.4	0	1	-153.6
2.41	0	1	-154.24
2.42	0	1	-154.88
2.43	0	1	-155.52
2.44	0	1	-156.16
2.45	0	1	-156.8
2.46	0	1	-157.44
2.47	0	1	-158.08
2.48	0	1	-158.72
2.49	0	1	-159.36
2.5	0	1	-160
2.5	0	1	-160
2.51	0	1	-160.64
2.52	0	1	-161.28
2.53	0	1	-161.92
2.54	0	1	-162.56
2.55	0	1	-163.2
2.56	0	1	-163.84
2.57	0	1	-164.48
2.58	0	1	-165.12
2.59	0	1	-165.76
2.6	0	1	-166.4
2.61	0	1	-167.04
2.62	0	1	-167.68
2.63	0	1	-168.32
2.64	0	1	-168.96
2.65	0	1	-169.6
2.66	0	1	-170.24
2.66667	0	1	-170.667
2.67	0	1	-170.88
2.68	0	1	-171.52
2.69	0	1	-172.16
2.7	0	1	-172.8
2.71	0	1	-173.44
2.72	0	1	-174.08
2.73	0	1	-174.72
2.74	0	1	-175.36
2.75	0	1	-176
2.76	0	1	-176.64
2.77	0	1	-177.28
2.78	0	1	-177.92
2.79	0	1	-178.56
2.8	0	1	-179.2
2.81	0	1	-179.84
2.82	0	1	-180.48
2.83	0	1	-181.12
2.84	0	1	-181.76
2.85	0	1	-182.4
2.86	0	1	-183.04
2.87	0	1	-183.68
2.88	0	1	-184.32
2.89	0	1	-184.96
2.9	0	1	-185.6
2.91	0	1	-186.24
2.92	0	1	-186.88
2.93	0	1	-187.52
2.94	0	1	-188.16
2.95	0	1	-188.8
2.96	0	1	-189.44
2.97	0	1	-190.08
2.98	0	1	-190.72
2.99	0	1	-191.36
3	0	1	-192
3	0	1	-192
3	0	1	-192
3.01	0	1	-192.64
3.02	0	1	-193.28
3.03	0	1	-193.92
3.04	0	1	-194.56
3.05	0	1	-195.2
3.06	0	1	-195.84
3.07	0	1	-196.48
3.08	0	1	-197.12
3.09	0	1	-197.76
3.1	0	1	-198.4
3.11	0	1	-199.04
3.12	0	1	-199.68
3.13	0	1	-200.32
3.14	0	1	-200.96
3.15	0	1	-201.6
3.16	0	1	-202.24
3.17	0	1	-202.88
3.18	0	1	-203.52
3.19	0	1	-204.16
3.2	0	1	-204.8
3.21	0	1	-205.44
3.22	0	1	-206.08
3.23	0	1	-206.72
3.24	0	1	-207.36
3.25	0	1	-208
3.26	0	1	-208.64
3.27	0	1	-209.28
3.28	0	1	-209.92
3.29	0	1	-210.56
3.3	0	1	-211.2
3.31	0	1	-211.84
3.32	0	1	-212.48
3.33	0	1	-213.12
3.34	0	1	-213.76
3.35	0	1	-214.4
3.36	0	1	-215.04
3.37	0	1	-215.68
3.38	0	1	-216.32
3.39	0	1	-216.96
3.4	0	1	-217.6
3.41	0	1	-218.24
3.42	0	1	-218.88
3.43	0	1	-219.52
3.44	0	1	-220.16
3.45	0	1	-220.8
3.46	0	1	-221.44
3.47	0	1	-222.08
3.48	0	1	-222.72
3.49	0	1	-223.36
3.5	0	1	-224
3.5	0	1	-224
3.51	0	1	-224.64
3.52	0	1	-225.28
3.53	0	1	-225.92
3.54	0	1	-226.56
3.55	0	1	-227.2
3.56	0	1	-227.84
3.57	0	1	-228.48
3.58	0	1	-229.12
3.59	0	1	-229.76
3.6	0	1	-230.4
3.61	0	1	-231.04
3.62	0	1	-231.68
3.63	0	1	-232.32
3.64	0	1	-232.96
3.65	0	1	-233.6
3.66	0	1	-234.24
3.67	0	1	-234.88
3.68	0	1	-235.52
3.69	0	1	-236.16
3.7	0	1	-236.8
3.71	0	1	-237.44
3.72	0	1	-238.08
3.73	0	1	-238.72
3.74	0	1	-239.36
3.75	0	1	-240
3.76	0	1	-240.64
3.77	0	1	-241.28
3.78	0	1	-241.92
3.79	0	1	-242.56
3.8	0	1	-243.2
3.81	0	1	-243.84
3.82	0	1	-244.48
3.83	0	1	-245.12
3.84	0	1	-245.76
3.85	0	1	-246.4
3.86	0	1	-247.04
3.87	0	1	-247.68
3.88	0	1	-248.32
3.89	0	1	-248.96
3.9	0	1	-249.6
3.91	0	1	-250.24
3.92	0	1	-250.88
3.93	0	1	-251.52
3.94	0	1	-252.16
3.95	0	1	-252.8
3.96	0	1	-253.44
3.97	0	1	-254.08
3.98	0	1	-254.72
3.99	0	1	-255.36
4	0	1	-256
4	0	1	-256
4.01	0	1	-256.64
4.02	0	1	-257.28
4.03	0	1	-257.92
4.04	0	1	-258.56
4.05	0	1	-259.2
4.06	0	1	-259.84
4.07	0	1	-260.48
4.08	0	1	-261.12
4.09	0	1	-261.76
4.1	0	1	-262.4
4.11	0	1	-263.04
4.12	0	1	-263.68
4.13	0	1	-264.32
4.14	0	1	-264.96
4.15	0	1	-265.6
4.16	0	1	-266.24
4.17	0	1	-266.88
4.18	0	1	-267.52
4.19	0	1	-268.16
4.2	0	1	-268.8
4.21	0	1	-269.44
4.22	0	1	-270.08
4.23	0	1	-270.72
4.24	0	1	-271.36
4.25	0	1	-272
4.26	0	1	-272.64
4.27	0	1	-273.28
4.28	0	1	-273.92
4.29	0	1	-274.56
4.3	0	1	-275.2
4.31	0	1	-275.84
4.32	0	1	-276.48
4.33	0	1	-277.12
4.34	0	1	-277.76
4.35	0	1	-278.4
4.36	0	1	-279.04
4.37	0	1	-279.68
4.38	0	1	-280.32
4.39	0	1	-280.96
4.4	0	1	-281.6
4.41	0	1	-282.24
4.42	0	1	-282.88
4.43	0	1	-283.52
4.44	0	1	-284.16
4.45	0	1	-284.8
4.46	0	1	-285.44
4.47	0	1	-286.08
4.48	0	1	-286.72
4.49	0	1	-287.36
4.5	0	1	-288
4.5	0	1	-288
4.51	0	1	-288.64
4.52	0	1	-289.28
4.53	0	1	-289.92
4.54	0	1	-290.56
4.55	0	1	-291.2
4.56	0	1	-291.84
4.57	0	1	-292.48
4.58	0	1	-293.12
4.59	0	1	-293.76
4.6	0	1	-294.4
4.61	0	1	-295.04
4.62	0	1	-295.68
4.63	0	1	-296.32
4.64	0	1	-296.96
4.65	0	1	-297.6
4.66	0	1	-298.24
4.67	0	1	-298.88
4.68	0	1	-299.52
4.69	0	1	-300.16
4.7	0	1	-300.8
4.71	0	1	-301.44
4.72	0	1	-302.08
4.73	0	1	-302.72
4.74	0	1	-303.36
4.75	0	1	-304
4.76	0	1	-304.64
4.77	0	1	-305.28
4.78	0	1	-305.92
4.79	0	1	-306.56
4.8	0	1	-307.2
4.81	0	1	-307.84
4.82	0	1	-308.48
4.83	0	1	-309.12
4.84	0	1	-309.76
4.85	0	1	-310.4
4.86	0	1	-311.04
4.87	0	1	-311.68
4.88	0	1	-312.32
4.89	0	1	-312.96
4.9	0	1	-313.6
4.91	0	1	-314.24
4.92	0	1	-314.88
4.93	0	1	-315.52
4.94	0	1	-316.16
4.95	0	1	-316.8
4.96	0	1	-317.44
4.97	0	1	-318.08
4.98	0	1	-318.72
4.99	0	1	-319.36
5	0	1	-320
