#T	E/N	M/N	C/N	Xi/N
0.0001	-0.0273438	0	0	0
0.0101	-0.0273438	1.96298e-175	0	3.88709e-173
0.0201	-0.0273438	7.31084e-090	0	7.27447e-088
0.0301	-0.0273438	3.77727e-061	0	2.50981e-059
0.0401	-0.0273438	9.32362e-047	0	4.65019e-045
0.0501	-0.0273438	4.13542e-038	0	1.65087e-036
0.0601	-0.0273438	2.43186e-032	0	8.09272e-031
0.0701	-0.0273438	3.23076e-028	0	9.21757e-027
0.0801	-0.0273438	4.00973e-025	0	1.00118e-023
0.0901	-0.0273438	1.02371e-022	0	2.27238e-021
0.1001	-0.0273438	8.63585e-021	0	1.72544e-019
0.1101	-0.0273437	3.25497e-019	0	5.91276e-018
0.1201	-0.0273437	6.70349e-018	0	1.11632e-016
0.1301	-0.0273437	8.67151e-017	0	1.33305e-015
0.1401	-0.0273437	7.78351e-016	2.94129e-013	1.11114e-014
0.1501	-0.0273437	5.21513e-015	1.81341e-012	6.9489e-014
0.1601	-0.0273437	2.75526e-014	8.54151e-012	3.44195e-013
0.1701	-0.0273437	1.19694e-013	3.31217e-011	1.40735e-012
0.1801	-0.0273437	4.41726e-013	1.08955e-010	4.90548e-012
0.1901	-0.0273437	1.42099e-012	3.14652e-010	1.49507e-011
0.2001	-0.0273437	4.06761e-012	8.13091e-010	4.06595e-011
0.2101	-0.0273437	1.05353e-011	1.91072e-009	1.00303e-010
0.2201	-0.0273437	2.50292e-011	4.13797e-009	2.27486e-010
0.2301	-0.0273437	5.51631e-011	8.34895e-009	4.79631e-010
0.2401	-0.0273437	1.13852e-010	1.58377e-008	9.48829e-010
0.2501	-0.0273437	2.21802e-010	2.84634e-008	1.7749e-009
0.2601	-0.0273437	4.10614e-010	4.8778e-008	3.16024e-009
0.2701	-0.0273437	7.26492e-010	8.01497e-008	5.38596e-009
0.2801	-0.0273437	1.23449e-009	1.26874e-007	8.82856e-009
0.2901	-0.0273437	2.02321e-009	1.94269e-007	1.39765e-008
0.3001	-0.0273437	3.20986e-009	2.88756e-007	2.14463e-008
0.3101	-0.0273437	4.94554e-009	4.17914e-007	3.19967e-008
0.3201	-0.0273437	7.4206e-009	5.90523e-007	4.65423e-008
0.3301	-0.0273437	1.08701e-008	8.16592e-007	6.61642e-008
0.3401	-0.0273437	1.55789e-008	1.10737e-006	9.21195e-008
0.3501	-0.0273437	2.1887e-008	1.47534e-006	1.25848e-007
0.3601	-0.0273437	3.01943e-008	1.93423e-006	1.68978e-007
0.3701	-0.0273437	4.09651e-008	2.49899e-006	2.2333e-007
0.3801	-0.0273436	5.47325e-008	3.1858e-006	2.90916e-007
0.3901	-0.0273436	7.21021e-008	4.01202e-006	3.73945e-007
0.4001	-0.0273436	9.37559e-008	4.99622e-006	4.74818e-007
0.4101	-0.0273435	1.20455e-007	6.15814e-006	5.96129e-007
0.4201	-0.0273434	1.53043e-007	7.51865e-006	7.40659e-007
0.4301	-0.0273434	1.92449e-007	9.09981e-006	9.1138e-007
0.4401	-0.0273433	2.39689e-007	1.09247e-005	1.11144e-006
0.4501	-0.0273431	2.95868e-007	1.30177e-005	1.34418e-006
0.4601	-0.027343	3.62182e-007	1.54041e-005	1.61309e-006
0.4701	-0.0273428	4.39921e-007	1.81101e-005	1.92186e-006
0.4801	-0.0273426	5.30466e-007	2.11632e-005	2.27431e-006
0.4901	-0.0273424	6.35294e-007	2.45918e-005	2.67444e-006
0.5001	-0.0273421	7.55978e-007	2.84251e-005	3.12639e-006
0.5101	-0.0273418	8.94184e-007	3.26932e-005	3.63444e-006
0.5201	-0.0273415	1.05168e-006	3.74272e-005	4.20301e-006
0.5301	-0.0273411	1.23031e-006	4.26587e-005	4.83665e-006
0.5401	-0.0273406	1.43204e-006	4.84202e-005	5.54001e-006
0.5501	-0.0273401	1.65892e-006	5.47447e-005	6.31785e-006
0.5601	-0.0273395	1.91308e-006	6.1666e-005	7.17504e-006
0.5701	-0.0273389	2.19675e-006	6.92181e-005	8.11651e-006
0.5801	-0.0273381	2.51225e-006	7.74357e-005	9.14728e-006
0.5901	-0.0273373	2.86198e-006	8.63537e-005	1.02724e-005
0.6001	-0.0273364	3.24845e-006	9.60072e-005	1.1497e-005
0.6101	-0.0273354	3.67422e-006	0.000106432	1.28263e-005
0.6201	-0.0273343	4.14194e-006	0.000117663	1.42653e-005
0.6301	-0.027333	4.65434e-006	0.000129736	1.58193e-005
0.6401	-0.0273317	5.21421e-006	0.000142687	1.74933e-005
0.6501	-0.0273302	5.82443e-006	0.000156552	1.92925e-005
0.6601	-0.0273285	6.4879e-006	0.000171365	2.1222e-005
0.6701	-0.0273268	7.20763e-006	0.000187162	2.32866e-005
0.6801	-0.0273248	7.98663e-006	0.000203978	2.54914e-005
0.6901	-0.0273227	8.82801e-006	0.000221847	2.7841e-005
0.7001	-0.0273204	9.73487e-006	0.000240804	3.03402e-005
0.7101	-0.0273179	1.07104e-005	0.000260883	3.29934e-005
0.7201	-0.0273151	1.17577e-005	0.000282116	3.5805e-005
0.7301	-0.0273122	1.28801e-005	0.000304538	3.87792e-005
0.7401	-0.027309	1.40807e-005	0.00032818	4.19199e-005
0.7501	-0.0273056	1.53628e-005	0.000353073	4.52309e-005
0.7601	-0.027302	1.67297e-005	0.000379251	4.87156e-005
0.7701	-0.027298	1.81844e-005	0.000406742	5.23774e-005
0.7801	-0.0272938	1.97304e-005	0.000435578	5.62191e-005
0.7901	-0.0272893	2.13706e-005	0.000465787	6.02435e-005
0.8001	-0.0272845	2.31084e-005	0.000497399	6.44531e-005
0.8101	-0.0272794	2.49468e-005	0.000530442	6.88498e-005
0.8201	-0.0272739	2.68888e-005	0.000564943	7.34353e-005
0.8301	-0.0272681	2.89376e-005	0.000600929	7.82112e-005
0.8401	-0.0272619	3.1096e-005	0.000638427	8.31785e-005
0.8501	-0.0272553	3.3367e-005	0.000677463	8.83379e-005
0.8601	-0.0272483	3.57534e-005	0.000718062	9.36897e-005
0.8701	-0.0272409	3.82579e-005	0.000760248	9.92339e-005
0.8801	-0.0272331	4.08831e-005	0.000804046	0.00010497
0.8901	-0.0272248	4.36317e-005	0.00084948	0.000110898
0.9001	-0.0272161	4.65059e-005	0.000896572	0.000117015
0.9101	-0.0272069	4.95082e-005	0.000945345	0.000123321
0.9201	-0.0271972	5.26408e-005	0.000995822	0.000129815
0.9301	-0.027187	5.59057e-005	0.00104803	0.000136492
0.9401	-0.0271762	5.9305e-005	0.00110198	0.000143352
0.9501	-0.0271649	6.28403e-005	0.0011577	0.000150391
0.9601	-0.0271531	6.65135e-005	0.0012152	0.000157606
0.9701	-0.0271406	7.03261e-005	0.00127453	0.000164993
0.9801	-0.0271276	7.42794e-005	0.00133568	0.00017255
0.9901	-0.0271139	7.83748e-005	0.00139868	0.000180271
1.0001	-0.0270996	8.26132e-005	0.00146356	0.000188153
1.0101	-0.0270846	8.69957e-005	0.00153034	0.000196191
1.0201	-0.027069	9.1523e-005	0.00159903	0.00020438
1.0301	-0.0270526	9.61958e-005	0.00166965	0.000212717
1.0401	-0.0270356	0.000101014	0.00174224	0.000221195
1.0501	-0.0270178	0.000105979	0.0018168	0.00022981
1.0601	-0.0269992	0.000111091	0.00189337	0.000238556
1.0701	-0.0269799	0.000116348	0.00197196	0.00024743
1.0801	-0.0269598	0.000121752	0.00205259	0.000256425
1.0901	-0.0269389	0.000127302	0.00213529	0.000265536
1.1001	-0.0269171	0.000132998	0.00222009	0.000274759
1.1101	-0.0268945	0.000138838	0.002307	0.000284089
1.1201	-0.0268709	0.000144823	0.00239606	0.00029352
1.1301	-0.0268465	0.00015095	0.00248728	0.000303048
1.1401	-0.0268212	0.00015722	0.0025807	0.000312669
1.1501	-0.0267949	0.000163632	0.00267633	0.000322378
1.1601	-0.0267677	0.000170183	0.00277421	0.000332171
1.1701	-0.0267394	0.000176872	0.00287437	0.000342045
1.1801	-0.0267102	0.000183699	0.00297683	0.000351995
1.1901	-0.0266799	0.000190661	0.00308162	0.00036202
1.2001	-0.0266485	0.000197757	0.00318878	0.000372114
1.2101	-0.0266161	0.000204985	0.00329833	0.000382277
1.2201	-0.0265825	0.000212344	0.0034103	0.000392506
1.2301	-0.0265479	0.00021983	0.00352473	0.000402798
1.2401	-0.026512	0.000227443	0.00364164	0.000413153
1.2501	-0.026475	0.00023518	0.00376107	0.000423569
1.2601	-0.0264368	0.00024304	0.00388305	0.000434044
1.2701	-0.0263974	0.000251019	0.00400761	0.000444579
1.2801	-0.0263567	0.000259116	0.00413477	0.000455172
1.2901	-0.0263147	0.000267329	0.00426458	0.000465825
1.3001	-0.0262714	0.000275655	0.00439705	0.000476537
1.3101	-0.0262267	0.000284092	0.00453221	0.000487309
1.3201	-0.0261807	0.000292638	0.00467009	0.000498142
1.3301	-0.0261333	0.00030129	0.00481071	0.000509036
1.3401	-0.0260845	0.000310047	0.00495409	0.000519993
1.3501	-0.0260342	0.000318905	0.00510024	0.000531014
1.3601	-0.0259825	0.000327862	0.00524918	0.000542101
1.3701	-0.0259292	0.000336916	0.00540091	0.000553256
1.3801	-0.0258744	0.000346065	0.00555544	0.000564479
1.3901	-0.0258181	0.000355306	0.00571275	0.000575773
1.4001	-0.0257602	0.000364637	0.00587285	0.000587138
1.4101	-0.0257006	0.000374054	0.00603571	0.000598578
1.4201	-0.0256394	0.000383557	0.0062013	0.000610092
1.4301	-0.0255766	0.000393141	0.0063696	0.000621682
1.4401	-0.025512	0.000402805	0.00654055	0.00063335
1.4501	-0.0254458	0.000412547	0.0067141	0.000645095
1.4601	-0.0253778	0.000422363	0.00689017	0.000656919
1.4701	-0.025308	0.00043225	0.0070687	0.00066882
1.4801	-0.0252364	0.000442207	0.00724958	0.0006808
1.4901	-0.025163	0.00045223	0.00743271	0.000692858
1.5001	-0.0250877	0.000462316	0.00761796	0.000704991
1.5101	-0.0250106	0.000472462	0.00780519	0.000717199
1.5201	-0.0249316	0.000482666	0.00799425	0.000729479
1.5301	-0.0248507	0.000492924	0.00818496	0.000741828
1.5401	-0.0247679	0.000503234	0.00837713	0.000754244
1.5501	-0.0246832	0.00051359	0.00857055	0.000766723
1.5601	-0.0245965	0.000523991	0.00876499	0.000779259
1.5701	-0.0245079	0.000534432	0.0089602	0.000791849
1.5801	-0.0244173	0.00054491	0.00915592	0.000804486
1.5901	-0.0243247	0.00055542	0.00935187	0.000817164
1.6001	-0.0242302	0.000565959	0.00954774	0.000829877
1.6101	-0.0241338	0.000576522	0.0097432	0.000842618
1.6201	-0.0240354	0.000587105	0.00993794	0.000855378
1.6301	-0.023935	0.000597704	0.0101316	0.000868149
1.6401	-0.0238328	0.000608313	0.0103238	0.000880924
1.6501	-0.0237286	0.000618928	0.0105141	0.000893691
1.6601	-0.0236225	0.000629545	0.0107023	0.000906443
1.6701	-0.0235145	0.000640157	0.0108878	0.000919169
1.6801	-0.0234047	0.000650759	0.0110703	0.000931859
1.6901	-0.0232931	0.000661347	0.0112494	0.000944503
1.7001	-0.0231798	0.000671914	0.0114246	0.00095709
1.7101	-0.0230647	0.000682455	0.0115955	0.00096961
1.7201	-0.0229479	0.000692965	0.0117618	0.000982051
1.7301	-0.0228294	0.000703438	0.011923	0.000994405
1.7401	-0.0227094	0.000713868	0.0120787	0.00100666
1.7501	-0.0225879	0.000724249	0.0122286	0.0010188
1.7601	-0.0224649	0.000734575	0.0123722	0.00103083
1.7701	-0.0223405	0.000744841	0.0125093	0.00104273
1.7801	-0.0222147	0.000755042	0.0126394	0.00105448
1.7901	-0.0220877	0.000765171	0.0127624	0.00106609
1.8001	-0.0219595	0.000775223	0.0128778	0.00107754
1.8101	-0.0218302	0.000785192	0.0129855	0.00108883
1.8201	-0.0216998	0.000795074	0.0130852	0.00109994
1.8301	-0.0215685	0.000804864	0.0131767	0.00111087
1.8401	-0.0214363	0.000814556	0.0132598	0.00112161
1.8501	-0.0213033	0.000824145	0.0133345	0.00113216
1.8601	-0.0211696	0.000833628	0.0134005	0.00114251
1.8701	-0.0210353	0.000843	0.0134579	0.00115265
1.8801	-0.0209005	0.000852257	0.0135067	0.00116259
1.8901	-0.0207652	0.000861395	0.0135467	0.00117231
1.9001	-0.0206296	0.000870412	0.0135781	0.00118181
1.9101	-0.0204937	0.000879303	0.0136009	0.00119109
1.9201	-0.0203576	0.000888066	0.0136152	0.00120015
1.9301	-0.0202214	0.000896699	0.0136211	0.00120898
1.9401	-0.0200852	0.000905199	0.0136188	0.00121759
1.9501	-0.0199491	0.000913565	0.0136084	0.00122597
1.9601	-0.0198131	0.000921794	0.0135903	0.00123413
1.9701	-0.0196773	0.000929886	0.0135645	0.00124206
1.9801	-0.0195418	0.00093784	0.0135314	0.00124976
1.9901	-0.0194067	0.000945654	0.0134911	0.00125724
2.0001	-0.019272	0.000953328	0.013444	0.00126449
2.0101	-0.0191378	0.000960863	0.0133904	0.00127152
2.0201	-0.0190042	0.000968258	0.0133306	0.00127834
2.0301	-0.0188712	0.000975514	0.0132648	0.00128493
2.0401	-0.0187389	0.000982631	0.0131935	0.00129132
2.0501	-0.0186074	0.00098961	0.0131168	0.00129749
2.0601	-0.0184766	0.000996452	0.0130352	0.00130345
2.0701	-0.0183467	0.00100316	0.0129489	0.0013092
2.0801	-0.0182177	0.00100973	0.0128583	0.00131476
2.0901	-0.0180895	0.00101617	0.0127637	0.00132011
2.1001	-0.0179624	0.00102248	0.0126654	0.00132527
2.1101	-0.0178363	0.00102866	0.0125637	0.00133024
2.1201	-0.0177111	0.00103471	0.0124589	0.00133502
2.1301	-0.0175871	0.00104064	0.0123513	0.00133962
2.1401	-0.0174641	0.00104645	0.0122412	0.00134404
2.1501	-0.0173423	0.00105213	0.0121289	0.00134829
2.1601	-0.0172215	0.0010577	0.0120146	0.00135236
2.1701	-0.017102	0.00106315	0.0118986	0.00135627
2.1801	-0.0169836	0.00106849	0.011781	0.00136001
2.1901	-0.0168664	0.00107372	0.0116623	0.00136359
2.2001	-0.0167503	0.00107883	0.0115425	0.00136702
2.2101	-0.0166355	0.00108385	0.0114218	0.0013703
2.2201	-0.0165219	0.00108876	0.0113006	0.00137343
2.2301	-0.0164095	0.00109357	0.0111789	0.00137641
2.2401	-0.0162983	0.00109828	0.0110569	0.00137926
2.2501	-0.0161884	0.0011029	0.0109348	0.00138197
2.2601	-0.0160796	0.00110742	0.0108127	0.00138454
2.2701	-0.0159721	0.00111185	0.0106908	0.00138699
2.2801	-0.0158658	0.0011162	0.0105692	0.00138932
2.2901	-0.0157607	0.00112046	0.0104481	0.00139152
2.3001	-0.0156569	0.00112463	0.0103275	0.0013936
2.3101	-0.0155542	0.00112873	0.0102075	0.00139556
2.3201	-0.0154527	0.00113274	0.0100883	0.00139742
2.3301	-0.0153524	0.00113668	0.00996993	0.00139916
2.3401	-0.0152533	0.00114055	0.00985243	0.0014008
2.3501	-0.0151554	0.00114434	0.0097359	0.00140234
2.3601	-0.0150586	0.00114806	0.0096204	0.00140378
2.3701	-0.0149629	0.00115171	0.00950599	0.00140512
2.3801	-0.0148685	0.0011553	0.00939272	0.00140636
2.3901	-0.0147751	0.00115883	0.00928063	0.00140752
2.4001	-0.0146828	0.00116229	0.00916976	0.00140858
2.4101	-0.0145917	0.00116569	0.00906015	0.00140956
2.4201	-0.0145016	0.00116903	0.00895182	0.00141045
2.4301	-0.0144126	0.00117231	0.0088448	0.00141126
2.4401	-0.0143247	0.00117554	0.00873911	0.00141199
2.4501	-0.0142379	0.00117872	0.00863477	0.00141265
2.4601	-0.014152	0.00118184	0.00853178	0.00141323
2.4701	-0.0140672	0.00118491	0.00843017	0.00141374
2.4801	-0.0139834	0.00118793	0.00832992	0.00141417
2.4901	-0.0139006	0.00119091	0.00823106	0.00141454
2.5001	-0.0138188	0.00119383	0.00813358	0.00141484
2.5101	-0.0137379	0.00119672	0.00803747	0.00141508
2.5201	-0.013658	0.00119955	0.00794275	0.00141525
2.5301	-0.0135791	0.00120235	0.0078494	0.00141536
2.5401	-0.013501	0.0012051	0.00775741	0.00141542
2.5501	-0.0134239	0.00120781	0.00766678	0.00141541
2.5601	-0.0133477	0.00121048	0.00757751	0.00141535
2.5701	-0.0132724	0.00121311	0.00748957	0.00141523
2.5801	-0.0131979	0.00121571	0.00740295	0.00141506
2.5901	-0.0131243	0.00121827	0.00731766	0.00141484
2.6001	-0.0130516	0.00122079	0.00723366	0.00141457
2.6101	-0.0129796	0.00122328	0.00715095	0.00141425
2.6201	-0.0129085	0.00122573	0.00706951	0.00141388
2.6301	-0.0128382	0.00122815	0.00698932	0.00141346
2.6401	-0.0127687	0.00123054	0.00691038	0.001413
2.6501	-0.0127	0.0012329	0.00683266	0.0014125
2.6601	-0.0126321	0.00123523	0.00675615	0.00141196
2.6701	-0.0125649	0.00123752	0.00668082	0.00141137
2.6801	-0.0124985	0.00123979	0.00660667	0.00141074
2.6901	-0.0124328	0.00124203	0.00653367	0.00141007
2.7001	-0.0123678	0.00124424	0.00646181	0.00140937
2.7101	-0.0123035	0.00124642	0.00639107	0.00140863
2.7201	-0.01224	0.00124857	0.00632143	0.00140785
2.7301	-0.0121771	0.0012507	0.00625287	0.00140704
2.7401	-0.0121149	0.00125281	0.00618538	0.00140619
2.7501	-0.0120534	0.00125489	0.00611894	0.00140531
2.7601	-0.0119925	0.00125694	0.00605353	0.0014044
2.7701	-0.0119323	0.00125897	0.00598913	0.00140346
2.7801	-0.0118727	0.00126098	0.00592573	0.00140249
2.7901	-0.0118138	0.00126296	0.0058633	0.00140148
2.8001	-0.0117555	0.00126492	0.00580184	0.00140045
2.8101	-0.0116977	0.00126686	0.00574132	0.00139939
2.8201	-0.0116406	0.00126877	0.00568173	0.00139831
2.8301	-0.0115841	0.00127067	0.00562305	0.00139719
2.8401	-0.0115282	0.00127254	0.00556527	0.00139605
2.8501	-0.0114728	0.0012744	0.00550836	0.00139489
2.8601	-0.011418	0.00127623	0.00545232	0.0013937
2.8701	-0.0113638	0.00127805	0.00539712	0.00139249
2.8801	-0.0113101	0.00127984	0.00534276	0.00139125
2.8901	-0.0112569	0.00128162	0.00528921	0.00138999
2.9001	-0.0112043	0.00128337	0.00523646	0.00138871
2.9101	-0.0111522	0.00128511	0.0051845	0.00138741
2.9201	-0.0111006	0.00128683	0.00513332	0.00138609
2.9301	-0.0110495	0.00128853	0.00508289	0.00138474
2.9401	-0.0109989	0.00129022	0.00503321	0.00138338
2.9501	-0.0109488	0.00129189	0.00498426	0.001382
2.9601	-0.0108992	0.00129354	0.00493602	0.0013806
2.9701	-0.0108501	0.00129517	0.0048885	0.00137918
2.9801	-0.0108015	0.00129679	0.00484166	0.00137775
2.9901	-0.0107533	0.00129839	0.0047955	0.0013763
3.0001	-0.0107055	0.00129998	0.00475001	0.00137483
3.0101	-0.0106583	0.00130155	0.00470517	0.00137334
3.0201	-0.0106114	0.0013031	0.00466097	0.00137184
3.0301	-0.010565	0.00130464	0.00461741	0.00137033
3.0401	-0.0105191	0.00130617	0.00457446	0.0013688
3.0501	-0.0104736	0.00130768	0.00453213	0.00136725
3.0601	-0.0104284	0.00130917	0.00449038	0.0013657
3.0701	-0.0103837	0.00131066	0.00444923	0.00136412
3.0801	-0.0103395	0.00131212	0.00440865	0.00136254
3.0901	-0.0102956	0.00131358	0.00436863	0.00136094
3.1001	-0.0102521	0.00131502	0.00432917	0.00135933
3.1101	-0.010209	0.00131645	0.00429026	0.00135771
3.1201	-0.0101663	0.00131786	0.00425188	0.00135608
3.1301	-0.0101239	0.00131926	0.00421402	0.00135443
3.1401	-0.010082	0.00132065	0.00417668	0.00135278
3.1501	-0.0100404	0.00132202	0.00413985	0.00135111
3.1601	-0.00999919	0.00132339	0.00410352	0.00134943
3.1701	-0.00995834	0.00132474	0.00406767	0.00134775
3.1801	-0.00991784	0.00132607	0.0040323	0.00134605
3.1901	-0.00987769	0.0013274	0.00399741	0.00134435
3.2001	-0.00983789	0.00132872	0.00396298	0.00134263
3.2101	-0.00979843	0.00133002	0.00392901	0.00134091
3.2201	-0.00975931	0.00133131	0.00389548	0.00133918
3.2301	-0.00972052	0.00133259	0.0038624	0.00133744
3.2401	-0.00968206	0.00133386	0.00382974	0.00133569
3.2501	-0.00964392	0.00133511	0.00379751	0.00133393
3.2601	-0.0096061	0.00133636	0.0037657	0.00133217
3.2701	-0.00956861	0.0013376	0.0037343	0.0013304
3.2801	-0.00953142	0.00133882	0.0037033	0.00132862
3.2901	-0.00949454	0.00134004	0.0036727	0.00132684
3.3001	-0.00945796	0.00134124	0.00364249	0.00132505
3.3101	-0.00942169	0.00134243	0.00361266	0.00132326
3.3201	-0.00938571	0.00134362	0.00358321	0.00132145
3.3301	-0.00935002	0.00134479	0.00355412	0.00131965
3.3401	-0.00931462	0.00134595	0.00352541	0.00131783
3.3501	-0.00927951	0.00134711	0.00349705	0.00131601
3.3601	-0.00924468	0.00134825	0.00346904	0.00131419
3.3701	-0.00921013	0.00134939	0.00344138	0.00131236
3.3801	-0.00917585	0.00135051	0.00341406	0.00131053
3.3901	-0.00914185	0.00135163	0.00338707	0.00130869
3.4001	-0.00910811	0.00135273	0.00336041	0.00130685
3.4101	-0.00907464	0.00135383	0.00333408	0.001305
3.4201	-0.00904143	0.00135492	0.00330807	0.00130315
3.4301	-0.00900848	0.001356	0.00328237	0.0013013
3.4401	-0.00897578	0.00135707	0.00325697	0.00129944
3.4501	-0.00894334	0.00135813	0.00323189	0.00129758
3.4601	-0.00891114	0.00135918	0.0032071	0.00129571
3.4701	-0.00887919	0.00136023	0.0031826	0.00129385
3.4801	-0.00884749	0.00136126	0.0031584	0.00129198
3.4901	-0.00881602	0.00136229	0.00313448	0.0012901
3.5001	-0.0087848	0.00136331	0.00311083	0.00128823
3.5101	-0.00875381	0.00136432	0.00308747	0.00128635
3.5201	-0.00872305	0.00136532	0.00306437	0.00128447
3.5301	-0.00869252	0.00136632	0.00304155	0.00128259
3.5401	-0.00866222	0.00136731	0.00301898	0.0012807
3.5501	-0.00863214	0.00136829	0.00299668	0.00127881
3.5601	-0.00860228	0.00136926	0.00297463	0.00127693
3.5701	-0.00857264	0.00137022	0.00295283	0.00127504
3.5801	-0.00854322	0.00137118	0.00293128	0.00127314
3.5901	-0.00851402	0.00137213	0.00290997	0.00127125
3.6001	-0.00848502	0.00137307	0.00288891	0.00126936
3.6101	-0.00845624	0.001374	0.00286807	0.00126746
3.6201	-0.00842766	0.00137493	0.00284747	0.00126556
3.6301	-0.00839929	0.00137585	0.0028271	0.00126367
3.6401	-0.00837112	0.00137676	0.00280696	0.00126177
3.6501	-0.00834315	0.00137767	0.00278704	0.00125987
3.6601	-0.00831538	0.00137857	0.00276733	0.00125797
3.6701	-0.0082878	0.00137946	0.00274785	0.00125607
3.6801	-0.00826042	0.00138034	0.00272857	0.00125417
3.6901	-0.00823323	0.00138122	0.0027095	0.00125227
3.7001	-0.00820623	0.0013821	0.00269065	0.00125037
3.7101	-0.00817942	0.00138296	0.00267199	0.00124846
3.7201	-0.00815279	0.00138382	0.00265353	0.00124656
3.7301	-0.00812634	0.00138467	0.00263527	0.00124466
3.7401	-0.00810008	0.00138552	0.00261721	0.00124276
3.7501	-0.008074	0.00138636	0.00259934	0.00124086
3.7601	-0.00804809	0.00138719	0.00258166	0.00123896
3.7701	-0.00802237	0.00138802	0.00256416	0.00123706
3.7801	-0.00799681	0.00138884	0.00254685	0.00123516
3.7901	-0.00797143	0.00138965	0.00252971	0.00123326
3.8001	-0.00794622	0.00139046	0.00251276	0.00123136
3.8101	-0.00792117	0.00139126	0.00249598	0.00122947
3.8201	-0.0078963	0.00139206	0.00247938	0.00122757
3.8301	-0.00787158	0.00139285	0.00246295	0.00122568
3.8401	-0.00784704	0.00139364	0.00244668	0.00122378
3.8501	-0.00782265	0.00139442	0.00243058	0.00122189
3.8601	-0.00779842	0.00139519	0.00241465	0.00121999
3.8701	-0.00777436	0.00139596	0.00239888	0.0012181
3.8801	-0.00775045	0.00139672	0.00238327	0.00121621
3.8901	-0.00772669	0.00139748	0.00236781	0.00121432
3.9001	-0.00770309	0.00139823	0.00235251	0.00121244
3.9101	-0.00767964	0.00139898	0.00233736	0.00121055
3.9201	-0.00765634	0.00139972	0.00232237	0.00120867
3.9301	-0.00763319	0.00140045	0.00230752	0.00120678
3.9401	-0.00761019	0.00140119	0.00229282	0.0012049
3.9501	-0.00758733	0.00140191	0.00227827	0.00120302
3.9601	-0.00756462	0.00140263	0.00226386	0.00120114
3.9701	-0.00754206	0.00140335	0.00224959	0.00119927
3.9801	-0.00751963	0.00140406	0.00223546	0.00119739
3.9901	-0.00749735	0.00140476	0.00222146	0.00119552
4.0001	-0.0074752	0.00140546	0.0022076	0.00119365
4.0101	-0.0074532	0.00140616	0.00219388	0.00119178
4.0201	-0.00743132	0.00140685	0.00218029	0.00118992
4.0301	-0.00740959	0.00140753	0.00216683	0.00118805
4.0401	-0.00738799	0.00140821	0.00215349	0.00118619
4.0501	-0.00736652	0.00140889	0.00214029	0.00118433
4.0601	-0.00734518	0.00140956	0.00212721	0.00118247
4.0701	-0.00732397	0.00141023	0.00211425	0.00118062
4.0801	-0.0073029	0.00141089	0.00210142	0.00117876
4.0901	-0.00728195	0.00141154	0.0020887	0.00117691
4.1001	-0.00726112	0.0014122	0.00207611	0.00117506
4.1101	-0.00724042	0.00141285	0.00206363	0.00117322
4.1201	-0.00721985	0.00141349	0.00205127	0.00117137
4.1301	-0.0071994	0.00141413	0.00203903	0.00116953
4.1401	-0.00717907	0.00141476	0.00202689	0.00116769
4.1501	-0.00715886	0.00141539	0.00201487	0.00116586
4.1601	-0.00713877	0.00141602	0.00200296	0.00116402
4.1701	-0.0071188	0.00141664	0.00199116	0.00116219
4.1801	-0.00709895	0.00141726	0.00197946	0.00116036
4.1901	-0.00707921	0.00141788	0.00196788	0.00115854
4.2001	-0.00705959	0.00141849	0.00195639	0.00115672
4.2101	-0.00704008	0.00141909	0.00194501	0.00115489
4.2201	-0.00702069	0.00141969	0.00193374	0.00115308
4.2301	-0.00700141	0.00142029	0.00192256	0.00115126
4.2401	-0.00698224	0.00142088	0.00191149	0.00114945
4.2501	-0.00696318	0.00142147	0.00190051	0.00114764
4.2601	-0.00694423	0.00142206	0.00188963	0.00114584
4.2701	-0.00692538	0.00142264	0.00187885	0.00114403
4.2801	-0.00690665	0.00142322	0.00186816	0.00114223
4.2901	-0.00688802	0.00142379	0.00185757	0.00114043
4.3001	-0.0068695	0.00142436	0.00184707	0.00113864
4.3101	-0.00685108	0.00142493	0.00183666	0.00113685
4.3201	-0.00683276	0.00142549	0.00182634	0.00113506
4.3301	-0.00681455	0.00142605	0.00181611	0.00113328
4.3401	-0.00679644	0.00142661	0.00180597	0.00113149
4.3501	-0.00677843	0.00142716	0.00179592	0.00112971
4.3601	-0.00676052	0.00142771	0.00178595	0.00112794
4.3701	-0.00674271	0.00142825	0.00177607	0.00112616
4.3801	-0.006725	0.0014288	0.00176628	0.0011244
4.3901	-0.00670739	0.00142933	0.00175657	0.00112263
4.4001	-0.00668987	0.00142987	0.00174694	0.00112087
4.4101	-0.00667245	0.0014304	0.00173739	0.0011191
4.4201	-0.00665512	0.00143093	0.00172792	0.00111735
4.4301	-0.00663789	0.00143145	0.00171853	0.00111559
4.4401	-0.00662075	0.00143197	0.00170923	0.00111384
4.4501	-0.0066037	0.00143249	0.0017	0.0011121
4.4601	-0.00658675	0.001433	0.00169084	0.00111035
4.4701	-0.00656989	0.00143351	0.00168177	0.00110861
4.4801	-0.00655311	0.00143402	0.00167276	0.00110687
4.4901	-0.00653643	0.00143453	0.00166384	0.00110514
4.5001	-0.00651984	0.00143503	0.00165498	0.00110341
4.5101	-0.00650333	0.00143553	0.0016462	0.00110168
4.5201	-0.00648691	0.00143602	0.00163749	0.00109996
4.5301	-0.00647058	0.00143651	0.00162886	0.00109824
4.5401	-0.00645434	0.001437	0.00162029	0.00109652
4.5501	-0.00643818	0.00143749	0.00161179	0.0010948
4.5601	-0.0064221	0.00143797	0.00160336	0.00109309
4.5701	-0.00640611	0.00143845	0.001595	0.00109139
4.5801	-0.0063902	0.00143893	0.00158671	0.00108968
4.5901	-0.00637437	0.0014394	0.00157848	0.00108798
4.6001	-0.00635863	0.00143987	0.00157032	0.00108628
4.6101	-0.00634297	0.00144034	0.00156223	0.00108459
4.6201	-0.00632738	0.0014408	0.0015542	0.0010829
4.6301	-0.00631188	0.00144127	0.00154623	0.00108121
4.6401	-0.00629646	0.00144173	0.00153833	0.00107953
4.6501	-0.00628112	0.00144218	0.00153048	0.00107785
4.6601	-0.00626585	0.00144264	0.0015227	0.00107617
4.6701	-0.00625066	0.00144309	0.00151499	0.0010745
4.6801	-0.00623555	0.00144354	0.00150733	0.00107283
4.6901	-0.00622051	0.00144398	0.00149973	0.00107117
4.7001	-0.00620556	0.00144442	0.00149219	0.0010695
4.7101	-0.00619067	0.00144486	0.00148471	0.00106785
4.7201	-0.00617586	0.0014453	0.00147729	0.00106619
4.7301	-0.00616112	0.00144574	0.00146992	0.00106454
4.7401	-0.00614646	0.00144617	0.00146261	0.00106289
4.7501	-0.00613187	0.0014466	0.00145536	0.00106124
4.7601	-0.00611735	0.00144702	0.00144816	0.0010596
4.7701	-0.00610291	0.00144745	0.00144102	0.00105797
4.7801	-0.00608853	0.00144787	0.00143393	0.00105633
4.7901	-0.00607423	0.00144829	0.0014269	0.0010547
4.8001	-0.00606	0.00144871	0.00141992	0.00105307
4.8101	-0.00604583	0.00144912	0.00141299	0.00105145
4.8201	-0.00603174	0.00144953	0.00140612	0.00104983
4.8301	-0.00601771	0.00144994	0.00139929	0.00104821
4.8401	-0.00600375	0.00145035	0.00139252	0.0010466
4.8501	-0.00598986	0.00145076	0.0013858	0.00104499
4.8601	-0.00597603	0.00145116	0.00137912	0.00104338
4.8701	-0.00596228	0.00145156	0.0013725	0.00104178
4.8801	-0.00594858	0.00145196	0.00136593	0.00104018
4.8901	-0.00593496	0.00145235	0.0013594	0.00103859
4.9001	-0.0059214	0.00145274	0.00135293	0.00103699
4.9101	-0.0059079	0.00145313	0.0013465	0.00103541
4.9201	-0.00589447	0.00145352	0.00134011	0.00103382
4.9301	-0.0058811	0.00145391	0.00133378	0.00103224
4.9401	-0.00586779	0.00145429	0.00132749	0.00103066
4.9501	-0.00585455	0.00145468	0.00132125	0.00102909
4.9601	-0.00584136	0.00145505	0.00131505	0.00102752
4.9701	-0.00582824	0.00145543	0.0013089	0.00102595
4.9801	-0.00581519	0.00145581	0.00130279	0.00102439
4.9901	-0.00580219	0.00145618	0.00129672	0.00102283
