8
3115
0
0
2 -62 -26
28 -62 -24
190 -62 -22
892 -62 -20
3276 -62 -18
9796 -62 -16
24634 -62 -14
54028 -62 -12
104898 -62 -10
179058 -62 -8
266634 -62 -6
347760 -62 -4
403182 -62 -2
422508 -62 0
403182 -62 2
347760 -62 4
266634 -62 6
179058 -62 8
104898 -62 10
54028 -62 12
24634 -62 14
9796 -62 16
3276 -62 18
892 -62 20
190 -62 22
28 -62 24
2 -62 26
8 -60 -30
142 -60 -28
1090 -60 -26
5675 -60 -24
22736 -60 -22
72507 -60 -20
190584 -60 -18
432212 -60 -16
875798 -60 -14
1608425 -60 -12
2682252 -60 -10
4059177 -60 -8
5578414 -60 -6
6977518 -60 -4
7967006 -60 -2
8324464 -60 0
7967006 -60 2
6977518 -60 4
5578414 -60 6
4059177 -60 8
2682252 -60 10
1608425 -60 12
875798 -60 14
432212 -60 16
190584 -60 18
72507 -60 20
22736 -60 22
5675 -60 24
1090 -60 26
142 -60 28
8 -60 30
70 -58 -32
954 -58 -30
6794 -58 -28
35126 -58 -26
144402 -58 -24
485744 -58 -22
1370500 -58 -20
3329016 -58 -18
7112992 -58 -16
13590224 -58 -14
23495868 -58 -12
37039204 -58 -10
53497360 -58 -8
71032142 -58 -6
86895518 -58 -4
98051366 -58 -2
102080544 -58 0
98051366 -58 2
86895518 -58 4
71032142 -58 6
53497360 -58 8
37039204 -58 10
23495868 -58 12
13590224 -58 14
7112992 -58 16
3329016 -58 18
1370500 -58 20
485744 -58 22
144402 -58 24
35126 -58 26
6794 -58 28
954 -58 30
70 -58 32
272 -56 -34
3508 -56 -32
25266 -56 -30
132802 -56 -28
557896 -56 -26
1951292 -56 -24
5824386 -56 -22
15123150 -56 -20
34673326 -56 -18
71022512 -56 -16
131227664 -56 -14
220499120 -56 -12
339167012 -56 -10
479983720 -56 -8
627147690 -56 -6
758243712 -56 -4
849353704 -56 -2
882034800 -56 0
849353704 -56 2
758243712 -56 4
627147690 -56 6
479983720 -56 8
339167012 -56 10
220499120 -56 12
131227664 -56 14
71022512 -56 16
34673326 -56 18
15123150 -56 20
5824386 -56 22
1951292 -56 24
557896 -56 26
132802 -56 28
25266 -56 30
3508 -56 32
272 -56 34
616 -54 -36
8720 -54 -34
67650 -54 -32
373676 -54 -30
1633518 -54 -28
5950946 -54 -26
18601268 -54 -24
50892302 -54 -22
123641778 -54 -20
269539524 -54 -18
531543448 -54 -16
954480850 -54 -14
1569281824 -54 -12
2373373870 -54 -10
3314382102 -54 -8
4285986726 -54 -6
5142820816 -54 -4
5733975402 -54 -2
5945217992 -54 0
5733975402 -54 2
5142820816 -54 4
4285986726 -54 6
3314382102 -54 8
2373373870 -54 10
1569281824 -54 12
954480850 -54 14
531543448 -54 16
269539524 -54 18
123641778 -54 20
50892302 -54 22
18601268 -54 24
5950946 -54 26
1633518 -54 28
373676 -54 30
67650 -54 32
8720 -54 34
616 -54 36
720 -52 -38
13124 -52 -36
118054 -52 -34
723266 -52 -32
3432508 -52 -30
13430636 -52 -28
44867376 -52 -26
130886539 -52 -24
338736044 -52 -22
786740247 -52 -20
1654199392 -52 -18
3170035850 -52 -16
5566478768 -52 -14
8995235371 -52 -12
13424424414 -52 -10
18556259933 -52 -8
23812777482 -52 -6
28420532206 -52 -4
31586996986 -52 -2
32716349144 -52 0
31586996986 -52 2
28420532206 -52 4
23812777482 -52 6
18556259933 -52 8
13424424414 -52 10
8995235371 -52 12
5566478768 -52 14
3170035850 -52 16
1654199392 -52 18
786740247 -52 20
338736044 -52 22
130886539 -52 24
44867376 -52 26
13430636 -52 28
3432508 -52 30
723266 -52 32
118054 -52 34
13124 -52 36
720 -52 38
544 -50 -40
14616 -50 -38
156438 -50 -36
1079776 -50 -34
5630010 -50 -32
23880080 -50 -30
85834732 -50 -28
268258916 -50 -26
741975890 -50 -24
1839276946 -50 -22
4124643082 -50 -20
8428174550 -50 -18
15781282534 -50 -16
27199994942 -50 -14
43309652568 -50 -12
63894276418 -50 -10
87546590572 -50 -8
111623771664 -50 -6
132637047044 -50 -4
147036766492 -50 -2
152165361972 -50 0
147036766492 -50 2
132637047044 -50 4
111623771664 -50 6
87546590572 -50 8
63894276418 -50 10
43309652568 -50 12
27199994942 -50 14
15781282534 -50 16
8428174550 -50 18
4124643082 -50 20
1839276946 -50 22
741975890 -50 24
268258916 -50 26
85834732 -50 28
23880080 -50 30
5630010 -50 32
1079776 -50 34
156438 -50 36
14616 -50 38
544 -50 40
192 -48 -42
10600 -48 -40
147860 -48 -38
1204314 -48 -36
7099770 -48 -34
33312598 -48 -32
130745516 -48 -30
442413807 -48 -28
1317310166 -48 -26
3501964437 -48 -24
8400956558 -48 -22
18333392957 -48 -20
36624048558 -48 -18
67304371344 -48 -16
114233164582 -48 -14
179639360159 -48 -12
262419534510 -48 -10
356846338867 -48 -8
452453461546 -48 -6
535578611035 -48 -4
592403628662 -48 -2
612618235604 -48 0
592403628662 -48 2
535578611035 -48 4
452453461546 -48 6
356846338867 -48 8
262419534510 -48 10
179639360159 -48 12
114233164582 -48 14
67304371344 -48 16
36624048558 -48 18
18333392957 -48 20
8400956558 -48 22
3501964437 -48 24
1317310166 -48 26
442413807 -48 28
130745516 -48 30
33312598 -48 32
7099770 -48 34
1204314 -48 36
147860 -48 38
10600 -48 40
192 -48 42
5088 -46 -42
104744 -46 -40
1039666 -46 -38
7054648 -46 -36
37111082 -46 -34
160761588 -46 -32
594145478 -46 -30
1918018308 -46 -28
5498526026 -46 -26
14168159092 -46 -24
33114599984 -46 -22
70702715580 -46 -20
138668957010 -46 -18
250943802746 -46 -16
420514090568 -46 -14
654410404232 -46 -12
947988557800 -46 -10
1280714608706 -46 -8
1615973043704 -46 -6
1906461829688 -46 -4
2104607409162 -46 -2
2175020052472 -46 0
2104607409162 -46 2
1906461829688 -46 4
1615973043704 -46 6
1280714608706 -46 8
947988557800 -46 10
654410404232 -46 12
420514090568 -46 14
250943802746 -46 16
138668957010 -46 18
70702715580 -46 20
33114599984 -46 22
14168159092 -46 24
5498526026 -46 26
1918018308 -46 28
594145478 -46 30
160761588 -46 32
37111082 -46 34
7054648 -46 36
1039666 -46 38
104744 -46 40
5088 -46 42
1440 -44 -44
54008 -44 -42
689732 -44 -40
5530412 -44 -38
33152827 -44 -36
160416040 -44 -34
653616561 -44 -32
2304825576 -44 -30
7168746301 -44 -28
19939016706 -44 -26
50107458275 -44 -24
114684526752 -44 -22
240570429179 -44 -20
464834664946 -44 -18
830681496266 -44 -16
1377456053972 -44 -14
2125131543709 -44 -12
3056981465488 -44 -10
4107187909901 -44 -8
5160870240342 -44 -6
6071043121008 -44 -4
6690654354558 -44 -2
6910625967202 -44 0
6690654354558 -44 2
6071043121008 -44 4
5160870240342 -44 6
4107187909901 -44 8
3056981465488 -44 10
2125131543709 -44 12
1377456053972 -44 14
830681496266 -44 16
464834664946 -44 18
240570429179 -44 20
114684526752 -44 22
50107458275 -44 24
19939016706 -44 26
7168746301 -44 28
2304825576 -44 30
653616561 -44 32
160416040 -44 34
33152827 -44 36
5530412 -44 38
689732 -44 40
54008 -44 42
1440 -44 44
18952 -42 -44
351236 -42 -42
3438812 -42 -40
23896492 -42 -38
130664196 -42 -36
592159288 -42 -34
2297585200 -42 -32
7801304726 -42 -30
23544187164 -42 -28
63895767230 -42 -26
157338450650 -42 -24
354033273292 -42 -22
732075803630 -42 -20
1397518301222 -42 -18
2472098841354 -42 -16
4064441388062 -42 -14
6226398843438 -42 -12
8905193700084 -42 -10
11910077493660 -42 -8
14913942913514 -42 -6
17501802419812 -42 -4
19260465317334 -42 -2
19884281251224 -42 0
19260465317334 -42 2
17501802419812 -42 4
14913942913514 -42 6
11910077493660 -42 8
8905193700084 -42 10
6226398843438 -42 12
4064441388062 -42 14
2472098841354 -42 16
1397518301222 -42 18
732075803630 -42 20
354033273292 -42 22
157338450650 -42 24
63895767230 -42 26
23544187164 -42 28
7801304726 -42 30
2297585200 -42 32
592159288 -42 34
130664196 -42 36
23896492 -42 38
3438812 -42 40
351236 -42 42
18952 -42 44
4464 -40 -46
137788 -40 -44
1709606 -40 -42
14015882 -40 -40
87552132 -40 -38
444864273 -40 -36
1911439096 -40 -34
7123983021 -40 -32
23442235372 -40 -30
69000542962 -40 -28
183496569146 -40 -26
444364646510 -40 -24
986097828542 -40 -22
2015513476115 -40 -20
3810204923092 -40 -18
6684918270274 -40 -16
10915714399454 -40 -14
16627196917415 -40 -12
23670761113734 -40 -10
31541693971660 -40 -8
39386587201696 -40 -6
46130243534407 -40 -4
50706501941810 -40 -2
52328585115674 -40 0
50706501941810 -40 2
46130243534407 -40 4
39386587201696 -40 6
31541693971660 -40 8
23670761113734 -40 10
16627196917415 -40 12
10915714399454 -40 14
6684918270274 -40 16
3810204923092 -40 18
2015513476115 -40 20
986097828542 -40 22
444364646510 -40 24
183496569146 -40 26
69000542962 -40 28
23442235372 -40 30
7123983021 -40 32
1911439096 -40 34
444864273 -40 36
87552132 -40 38
14015882 -40 40
1709606 -40 42
137788 -40 44
4464 -40 46
37648 -38 -46
666812 -38 -44
6664682 -38 -42
48355634 -38 -40
278227674 -38 -38
1332980410 -38 -36
5483164594 -38 -34
19764997562 -38 -32
63360109532 -38 -30
182656487398 -38 -28
477667034318 -38 -26
1141014046070 -38 -24
2503640165462 -38 -22
5069568705990 -38 -20
9509190974616 -38 -18
16575305367958 -38 -16
26919175300266 -38 -14
40820918230800 -38 -12
57901832067396 -38 -10
76932317692850 -38 -8
95855706131640 -38 -6
112094740629638 -38 -4
123102090332220 -38 -2
127001524097852 -38 0
123102090332220 -38 2
112094740629638 -38 4
95855706131640 -38 6
76932317692850 -38 8
57901832067396 -38 10
40820918230800 -38 12
26919175300266 -38 14
16575305367958 -38 16
9509190974616 -38 18
5069568705990 -38 20
2503640165462 -38 22
1141014046070 -38 24
477667034318 -38 26
182656487398 -38 28
63360109532 -38 30
19764997562 -38 32
5483164594 -38 34
1332980410 -38 36
278227674 -38 38
48355634 -38 40
6664682 -38 42
666812 -38 44
37648 -38 46
7464 -36 -48
206064 -36 -46
2588134 -36 -44
22149280 -36 -42
145673813 -36 -40
783393088 -36 -38
3574929248 -36 -36
14177235778 -36 -34
49685583703 -36 -32
155812706556 -36 -30
441435050429 -36 -28
1138435863702 -36 -26
2688978088133 -36 -24
5846379110000 -36 -22
11749522065016 -36 -20
21902835154456 -36 -18
37983390884302 -36 -16
61426949273340 -36 -14
92827363671852 -36 -12
131301376205698 -36 -10
174070655844014 -36 -8
216524946788204 -36 -6
252910108444345 -36 -4
277552286849514 -36 -2
286278284210454 -36 0
277552286849514 -36 2
252910108444345 -36 4
216524946788204 -36 6
174070655844014 -36 8
131301376205698 -36 10
92827363671852 -36 12
61426949273340 -36 14
37983390884302 -36 16
21902835154456 -36 18
11749522065016 -36 20
5846379110000 -36 22
2688978088133 -36 24
1138435863702 -36 26
441435050429 -36 28
155812706556 -36 30
49685583703 -36 32
14177235778 -36 34
3574929248 -36 36
783393088 -36 38
145673813 -36 40
22149280 -36 42
2588134 -36 44
206064 -36 46
7464 -36 48
45432 -34 -48
804128 -34 -46
8373654 -34 -44
63923290 -34 -42
389193716 -34 -40
1981826192 -34 -38
8685848934 -34 -36
33404493194 -34 -34
114333409024 -34 -32
351991963106 -34 -30
982831690236 -34 -28
2505541903508 -34 -26
5863625019114 -34 -24
12654230936636 -34 -22
25278752084914 -34 -20
46893485822260 -34 -18
80998554869680 -34 -16
130567873275236 -34 -14
196795663990370 -34 -12
277778788986870 -34 -10
367658094443248 -34 -8
456764456606064 -34 -6
533063035615644 -34 -4
584706137675196 -34 -2
602987967263428 -34 0
584706137675196 -34 2
533063035615644 -34 4
456764456606064 -34 6
367658094443248 -34 8
277778788986870 -34 10
196795663990370 -34 12
130567873275236 -34 14
80998554869680 -34 16
46893485822260 -34 18
25278752084914 -34 20
12654230936636 -34 22
5863625019114 -34 24
2505541903508 -34 26
982831690236 -34 28
351991963106 -34 30
114333409024 -34 32
33404493194 -34 34
8685848934 -34 36
1981826192 -34 38
389193716 -34 40
63923290 -34 42
8373654 -34 44
804128 -34 46
45432 -34 48
7416 -32 -50
199304 -32 -48
2611418 -32 -46
23528708 -32 -44
163776026 -32 -42
936809269 -32 -40
4559843662 -32 -38
19319677698 -32 -36
72413407056 -32 -34
242977633225 -32 -32
736541020390 -32 -30
2031705375248 -32 -28
5130007592040 -32 -26
11914755466097 -32 -24
25558547099894 -32 -22
50812580033478 -32 -20
93899913907878 -32 -18
161697199728448 -32 -16
260017809025684 -32 -14
391149117397286 -32 -12
551272667468468 -32 -10
728793075421722 -32 -8
904641724089478 -32 -6
1055125044637694 -32 -4
1156941240769726 -32 -2
1192977709421918 -32 0
1156941240769726 -32 2
1055125044637694 -32 4
904641724089478 -32 6
728793075421722 -32 8
551272667468468 -32 10
391149117397286 -32 12
260017809025684 -32 14
161697199728448 -32 16
93899913907878 -32 18
50812580033478 -32 20
25558547099894 -32 22
11914755466097 -32 24
5130007592040 -32 26
2031705375248 -32 28
736541020390 -32 30
242977633225 -32 32
72413407056 -32 34
19319677698 -32 36
4559843662 -32 38
936809269 -32 40
163776026 -32 42
23528708 -32 44
2611418 -32 46
199304 -32 48
7416 -32 50
36496 -30 -50
663120 -30 -48
7241610 -30 -46
58416566 -30 -44
378298002 -30 -42
2056388400 -30 -40
9640056642 -30 -38
39706617560 -30 -36
145644941238 -30 -34
480580031442 -30 -32
1437890710596 -30 -30
3926066756808 -30 -28
9834321961560 -30 -26
22698308804450 -30 -24
48452673982460 -30 -22
95960216464222 -30 -20
176802902879196 -30 -18
303751549112788 -30 -16
487570526889608 -30 -14
732443864850820 -30 -12
1031190674451378 -30 -10
1362174497074868 -30 -8
1689881718498786 -30 -6
1970223342485024 -30 -4
2159860154427852 -30 -2
2226972573418712 -30 0
2159860154427852 -30 2
1970223342485024 -30 4
1689881718498786 -30 6
1362174497074868 -30 8
1031190674451378 -30 10
732443864850820 -30 12
487570526889608 -30 14
303751549112788 -30 16
176802902879196 -30 18
95960216464222 -30 20
48452673982460 -30 22
22698308804450 -30 24
9834321961560 -30 26
3926066756808 -30 28
1437890710596 -30 30
480580031442 -30 32
145644941238 -30 34
39706617560 -30 36
9640056642 -30 38
2056388400 -30 40
378298002 -30 42
58416566 -30 44
7241610 -30 46
663120 -30 48
36496 -30 50
4572 -28 -52
133308 -28 -50
1846999 -28 -48
17587332 -28 -46
130342456 -28 -44
797056460 -28 -42
4155644473 -28 -40
18886039694 -28 -38
75980457731 -28 -36
273676448018 -28 -34
890372387582 -28 -32
2634834860982 -28 -30
7132790628069 -28 -28
17747923148090 -28 -26
40752246519600 -28 -24
86645647914188 -28 -22
171079319217379 -28 -20
314478861926562 -28 -18
539342397812201 -28 -16
864609140013784 -28 -14
1297600550208805 -28 -12
1825590241954256 -28 -10
2410357310612667 -28 -8
2989207254928108 -28 -6
3484323352819228 -28 -4
3819216926242146 -28 -2
3937731199502332 -28 0
3819216926242146 -28 2
3484323352819228 -28 4
2989207254928108 -28 6
2410357310612667 -28 8
1825590241954256 -28 10
1297600550208805 -28 12
864609140013784 -28 14
539342397812201 -28 16
314478861926562 -28 18
171079319217379 -28 20
86645647914188 -28 22
40752246519600 -28 24
17747923148090 -28 26
7132790628069 -28 28
2634834860982 -28 30
890372387582 -28 32
273676448018 -28 34
75980457731 -28 36
18886039694 -28 38
4155644473 -28 40
797056460 -28 42
130342456 -28 44
17587332 -28 46
1846999 -28 48
133308 -28 50
4572 -28 52
20898 -26 -52
388356 -26 -50
4455420 -26 -48
38293810 -26 -46
265530586 -26 -44
1548794436 -26 -42
7801781436 -26 -40
34552054024 -26 -38
136271974118 -26 -36
483347899604 -26 -34
1553814602266 -26 -32
4555461827082 -26 -30
12243126742676 -26 -28
30293593570108 -26 -26
69261872255722 -26 -24
146784482580898 -26 -22
289119720145730 -26 -20
530514429186254 -26 -18
908681289111392 -26 -16
1455367049449796 -26 -14
2182842576739810 -26 -12
3069753518642462 -26 -10
4051956728409892 -26 -8
5024204172555632 -26 -6
5855822573535598 -26 -4
6418336757388834 -26 -2
6617405814651504 -26 0
6418336757388834 -26 2
5855822573535598 -26 4
5024204172555632 -26 6
4051956728409892 -26 8
3069753518642462 -26 10
2182842576739810 -26 12
1455367049449796 -26 14
908681289111392 -26 16
530514429186254 -26 18
289119720145730 -26 20
146784482580898 -26 22
69261872255722 -26 24
30293593570108 -26 26
12243126742676 -26 28
4555461827082 -26 30
1553814602266 -26 32
483347899604 -26 34
136271974118 -26 36
34552054024 -26 38
7801781436 -26 40
1548794436 -26 42
265530586 -26 44
38293810 -26 46
4455420 -26 48
388356 -26 50
20898 -26 52
1764 -24 -54
64322 -24 -52
937752 -24 -50
9520878 -24 -48
75770914 -24 -46
498385090 -24 -44
2798503440 -24 -42
13703891630 -24 -40
59390039522 -24 -38
230336078664 -24 -36
806405683388 -24 -34
2566105888127 -24 -32
7463898664662 -24 -30
19937077361261 -24 -28
49099411178856 -24 -26
111859232817766 -24 -24
236431532421214 -24 -22
464797467342089 -24 -20
851704503949198 -24 -18
1457462192978058 -24 -16
2332886529606970 -24 -14
3497694779907173 -24 -12
4917828093470664 -24 -10
6490709601088224 -24 -8
8047856928917268 -24 -6
9379944764712601 -24 -4
10281070389311732 -24 -2
10599988376842922 -24 0
10281070389311732 -24 2
9379944764712601 -24 4
8047856928917268 -24 6
6490709601088224 -24 8
4917828093470664 -24 10
3497694779907173 -24 12
2332886529606970 -24 14
1457462192978058 -24 16
851704503949198 -24 18
464797467342089 -24 20
236431532421214 -24 22
111859232817766 -24 24
49099411178856 -24 26
19937077361261 -24 28
7463898664662 -24 30
2566105888127 -24 32
806405683388 -24 34
230336078664 -24 36
59390039522 -24 38
13703891630 -24 40
2798503440 -24 42
498385090 -24 44
75770914 -24 46
9520878 -24 48
937752 -24 50
64322 -24 52
1764 -24 54
8844 -22 -54
162642 -22 -52
1990086 -22 -50
18464262 -22 -48
138117010 -22 -46
870310930 -22 -44
4736968528 -22 -42
22652613080 -22 -40
96395090238 -22 -38
368596120896 -22 -36
1276233130522 -22 -34
4026122228672 -22 -32
11631892341842 -22 -30
30909103361702 -22 -28
75819056724840 -22 -26
172220039535266 -22 -24
363223230341610 -22 -22
712957279611984 -22 -20
1305074654030910 -22 -18
2231798250330946 -22 -16
3570957312719608 -22 -14
5352950102274670 -22 -12
7525970547267118 -22 -10
9933294655648056 -22 -8
12317113618567418 -22 -6
14356819860010320 -22 -4
15736844060040562 -22 -2
16225288653331420 -22 0
15736844060040562 -22 2
14356819860010320 -22 4
12317113618567418 -22 6
9933294655648056 -22 8
7525970547267118 -22 10
5352950102274670 -22 12
3570957312719608 -22 14
2231798250330946 -22 16
1305074654030910 -22 18
712957279611984 -22 20
363223230341610 -22 22
172220039535266 -22 24
75819056724840 -22 26
30909103361702 -22 28
11631892341842 -22 30
4026122228672 -22 32
1276233130522 -22 34
368596120896 -22 36
96395090238 -22 38
22652613080 -22 40
4736968528 -22 42
870310930 -22 44
138117010 -22 46
18464262 -22 48
1990086 -22 50
162642 -22 52
8844 -22 54
414 -20 -56
22818 -20 -54
344644 -20 -52
3804732 -20 -50
32811269 -20 -48
233975746 -20 -46
1424467278 -20 -44
7554019724 -20 -42
35411439194 -20 -40
148385480460 -20 -38
560603734008 -20 -36
1922784564862 -20 -34
6021123859287 -20 -32
17295958177054 -20 -30
45757153292469 -20 -28
111865352671394 -20 -26
253467890287709 -20 -24
533627751481384 -20 -22
1046153225617460 -20 -20
1913476285710178 -20 -18
3270715287070077 -20 -16
5232129235302076 -20 -14
7842715710067624 -20 -12
11027109215838600 -20 -10
14556017769228179 -20 -8
18051565275343096 -20 -6
21043307279836485 -20 -4
23067842583567172 -20 -2
23784475415806398 -20 0
23067842583567172 -20 2
21043307279836485 -20 4
18051565275343096 -20 6
14556017769228179 -20 8
11027109215838600 -20 10
7842715710067624 -20 12
5232129235302076 -20 14
3270715287070077 -20 16
1913476285710178 -20 18
1046153225617460 -20 20
533627751481384 -20 22
253467890287709 -20 24
111865352671394 -20 26
45757153292469 -20 28
17295958177054 -20 30
6021123859287 -20 32
1922784564862 -20 34
560603734008 -20 36
148385480460 -20 38
35411439194 -20 40
7554019724 -20 42
1424467278 -20 44
233975746 -20 46
32811269 -20 48
3804732 -20 50
344644 -20 52
22818 -20 54
414 -20 56
2730 -18 -56
48164 -18 -54
656692 -18 -52
6639220 -18 -50
54053604 -18 -48
371215900 -18 -46
2196584424 -18 -44
11399057110 -18 -42
52555669738 -18 -40
217381897424 -18 -38
812915534786 -18 -36
2765864092788 -18 -34
8606842326562 -18 -32
24602787925138 -18 -30
64843573925910 -18 -28
158079248276518 -18 -26
357438243981104 -18 -24
751415274727286 -18 -22
1471674694661308 -18 -20
2690172171096712 -18 -18
4596911800297374 -18 -16
7352924261161036 -18 -14
11022210566847698 -18 -12
15499656134694572 -18 -10
20463410439572018 -18 -8
25381986617073678 -18 -6
29592900453399302 -18 -4
32443057054334326 -18 -2
33452048469453244 -18 0
32443057054334326 -18 2
29592900453399302 -18 4
25381986617073678 -18 6
20463410439572018 -18 8
15499656134694572 -18 10
11022210566847698 -18 12
7352924261161036 -18 14
4596911800297374 -18 16
2690172171096712 -18 18
1471674694661308 -18 20
751415274727286 -18 22
357438243981104 -18 24
158079248276518 -18 26
64843573925910 -18 28
24602787925138 -18 30
8606842326562 -18 32
2765864092788 -18 34
812915534786 -18 36
217381897424 -18 38
52555669738 -18 40
11399057110 -18 42
2196584424 -18 44
371215900 -18 46
54053604 -18 48
6639220 -18 50
656692 -18 52
48164 -18 54
2730 -18 56
54 -16 -58
5976 -16 -56
91690 -16 -54
1132185 -16 -52
10672450 -16 -50
83415196 -16 -48
554817876 -16 -46
3206003901 -16 -44
16342071926 -16 -42
74299823844 -16 -40
303959843214 -16 -38
1126882083016 -16 -36
3808040016446 -16 -34
11786645423605 -16 -32
33552531043678 -16 -30
88150791845525 -16 -28
214387153634778 -16 -26
483918879230189 -16 -24
1016082411163372 -16 -22
1988483703560704 -16 -20
3633254142856118 -16 -18
6207216501857972 -16 -16
9928534096918716 -16 -14
14884735157093374 -16 -12
20934969041863452 -16 -10
27645066919731335 -16 -8
34296569350198090 -16 -6
39992830421739471 -16 -4
43849182943529932 -16 -2
45214534171550998 -16 0
43849182943529932 -16 2
39992830421739471 -16 4
34296569350198090 -16 6
27645066919731335 -16 8
20934969041863452 -16 10
14884735157093374 -16 12
9928534096918716 -16 14
6207216501857972 -16 16
3633254142856118 -16 18
1988483703560704 -16 20
1016082411163372 -16 22
483918879230189 -16 24
214387153634778 -16 26
88150791845525 -16 28
33552531043678 -16 30
11786645423605 -16 32
3808040016446 -16 34
1126882083016 -16 36
303959843214 -16 38
74299823844 -16 40
16342071926 -16 42
3206003901 -16 44
554817876 -16 46
83415196 -16 48
10672450 -16 50
1132185 -16 52
91690 -16 54
5976 -16 56
54 -16 58
574 -14 -58
9978 -14 -56
161862 -14 -54
1777344 -14 -52
16006204 -14 -50
121012006 -14 -48
784150606 -14 -46
4445507654 -14 -44
22325490842 -14 -42
100321254918 -14 -40
406647793400 -14 -38
1496634292686 -14 -36
5028472583720 -14 -34
15493910665950 -14 -32
43951295347332 -14 -30
115161620010210 -14 -28
279519066261774 -14 -26
630027203599720 -14 -24
1321561355069292 -14 -22
2584703425780646 -14 -20
4721057881589900 -14 -18
8064731812587428 -14 -16
12900181938111668 -14 -14
19342581892414616 -14 -12
27210284312509476 -14 -10
35939621924401486 -14 -8
44595930707282856 -14 -6
52011330156410276 -14 -4
57032611537594158 -14 -2
58810605740457492 -14 0
57032611537594158 -14 2
52011330156410276 -14 4
44595930707282856 -14 6
35939621924401486 -14 8
27210284312509476 -14 10
19342581892414616 -14 12
12900181938111668 -14 14
8064731812587428 -14 16
4721057881589900 -14 18
2584703425780646 -14 20
1321561355069292 -14 22
630027203599720 -14 24
279519066261774 -14 26
115161620010210 -14 28
43951295347332 -14 30
15493910665950 -14 32
5028472583720 -14 34
1496634292686 -14 36
406647793400 -14 38
100321254918 -14 40
22325490842 -14 42
4445507654 -14 44
784150606 -14 46
121012006 -14 48
16006204 -14 50
1777344 -14 52
161862 -14 54
9978 -14 56
574 -14 58
3 -12 -60
1164 -12 -58
17350 -12 -56
249548 -12 -54
2601323 -12 -52
22596664 -12 -50
165721605 -12 -48
1052502356 -12 -46
5873447506 -12 -44
29133553204 -12 -42
129653474814 -12 -40
521532763342 -12 -38
1907813769554 -12 -36
6379214322802 -12 -34
19581721814245 -12 -32
55384339371962 -12 -30
144794127336960 -12 -28
350858734837514 -12 -26
789884034521877 -12 -24
1655550084663380 -12 -22
3236322049871233 -12 -20
5909798080156028 -12 -18
10094766223112633 -12 -16
16148536235192002 -12 -14
24217013011123786 -12 -12
34074397540096280 -12 -10
45015553686876203 -12 -8
55868979487598636 -12 -6
65169198807446467 -12 -4
71468047686110990 -12 -2
73698651945760626 -12 0
71468047686110990 -12 2
65169198807446467 -12 4
55868979487598636 -12 6
45015553686876203 -12 8
34074397540096280 -12 10
24217013011123786 -12 12
16148536235192002 -12 14
10094766223112633 -12 16
5909798080156028 -12 18
3236322049871233 -12 20
1655550084663380 -12 22
789884034521877 -12 24
350858734837514 -12 26
144794127336960 -12 28
55384339371962 -12 30
19581721814245 -12 32
6379214322802 -12 34
1907813769554 -12 36
521532763342 -12 38
129653474814 -12 40
29133553204 -12 42
5873447506 -12 44
1052502356 -12 46
165721605 -12 48
22596664 -12 50
2601323 -12 52
249548 -12 54
17350 -12 56
1164 -12 58
3 -12 60
72 -10 -60
1452 -10 -58
29296 -10 -56
348052 -10 -54
3572788 -10 -52
30005504 -10 -50
215238924 -10 -48
1345202718 -10 -46
7410129266 -10 -44
36390038964 -10 -42
160673068340 -10 -40
642253485280 -10 -38
2337702864782 -10 -36
7785773886260 -10 -34
23825024360552 -10 -32
67223279799848 -10 -30
175422108728102 -10 -28
424495763755358 -10 -26
954735156897486 -10 -24
1999771486468796 -10 -22
3907699552478204 -10 -20
7134482127817342 -10 -18
12186362163726546 -10 -16
19496088164991760 -10 -14
29241711626902946 -10 -12
41152346080188760 -10 -10
54377148502895272 -10 -8
67500076288207282 -10 -6
78747935123872520 -10 -4
86367278333173504 -10 -2
89065764105211568 -10 0
86367278333173504 -10 2
78747935123872520 -10 4
67500076288207282 -10 6
54377148502895272 -10 8
41152346080188760 -10 10
29241711626902946 -10 12
19496088164991760 -10 14
12186362163726546 -10 16
7134482127817342 -10 18
3907699552478204 -10 20
1999771486468796 -10 22
954735156897486 -10 24
424495763755358 -10 26
175422108728102 -10 28
67223279799848 -10 30
23825024360552 -10 32
7785773886260 -10 34
2337702864782 -10 36
642253485280 -10 38
160673068340 -10 40
36390038964 -10 42
7410129266 -10 44
1345202718 -10 46
215238924 -10 48
30005504 -10 50
3572788 -10 52
348052 -10 54
29296 -10 56
1452 -10 58
72 -10 60
171 -8 -60
2168 -8 -58
40313 -8 -56
467262 -8 -54
4591060 -8 -52
37671668 -8 -50
266055510 -8 -48
1639975640 -8 -46
8943845370 -8 -44
43576376208 -8 -42
191189065213 -8 -40
760405854360 -8 -38
2756711755849 -8 -36
9152158303802 -8 -34
27936347628758 -8 -32
78670703588570 -8 -30
204991496359111 -8 -28
495507341257488 -8 -26
1113584399641823 -8 -24
2331296872792168 -8 -22
4554148095089882 -8 -20
8313610887992938 -8 -18
14200307551994604 -8 -16
22719937294778584 -8 -14
34081909252670170 -8 -12
47972261773756304 -8 -10
63399903903451711 -8 -8
78712899688417346 -8 -6
91840840563705347 -8 -4
100735167531484854 -8 -2
103885462373648936 -8 0
100735167531484854 -8 2
91840840563705347 -8 4
78712899688417346 -8 6
63399903903451711 -8 8
47972261773756304 -8 10
34081909252670170 -8 12
22719937294778584 -8 14
14200307551994604 -8 16
8313610887992938 -8 18
4554148095089882 -8 20
2331296872792168 -8 22
1113584399641823 -8 24
495507341257488 -8 26
204991496359111 -8 28
78670703588570 -8 30
27936347628758 -8 32
9152158303802 -8 34
2756711755849 -8 36
760405854360 -8 38
191189065213 -8 40
43576376208 -8 42
8943845370 -8 44
1639975640 -8 46
266055510 -8 48
37671668 -8 50
4591060 -8 52
467262 -8 54
40313 -8 56
2168 -8 58
171 -8 60
4 -6 -62
146 -6 -60
3638 -6 -58
48376 -6 -56
589928 -6 -54
5554362 -6 -52
44916204 -6 -50
313149674 -6 -48
1910996018 -6 -46
10343077308 -6 -44
50086377152 -6 -42
218689267666 -6 -40
866434108294 -6 -38
3131438690608 -6 -36
10370813367190 -6 -34
31595243327220 -6 -32
88841231570854 -6 -30
231228756006584 -6 -28
558456999066192 -6 -26
1254306355942368 -6 -24
2624865227848814 -6 -22
5126452604889386 -6 -20
9357425983739004 -6 -18
15983227766070380 -6 -16
25574363714670584 -6 -14
38368299348753730 -6 -12
54013191536372686 -6 -10
71393831909004536 -6 -8
88649145363376132 -6 -6
103444936600537660 -6 -4
113470538643204794 -6 -2
117021757231774968 -6 0
113470538643204794 -6 2
103444936600537660 -6 4
88649145363376132 -6 6
71393831909004536 -6 8
54013191536372686 -6 10
38368299348753730 -6 12
25574363714670584 -6 14
15983227766070380 -6 16
9357425983739004 -6 18
5126452604889386 -6 20
2624865227848814 -6 22
1254306355942368 -6 24
558456999066192 -6 26
231228756006584 -6 28
88841231570854 -6 30
31595243327220 -6 32
10370813367190 -6 34
3131438690608 -6 36
866434108294 -6 38
218689267666 -6 40
50086377152 -6 42
10343077308 -6 44
1910996018 -6 46
313149674 -6 48
44916204 -6 50
5554362 -6 52
589928 -6 54
48376 -6 56
3638 -6 58
146 -6 60
4 -6 62
18 -4 -62
143 -4 -60
4808 -4 -58
58515 -4 -56
680854 -4 -54
6387018 -4 -52
50908642 -4 -50
351437449 -4 -48
2131262174 -4 -46
11470408184 -4 -44
55305541550 -4 -42
240653442899 -4 -40
950821429238 -4 -38
3428847657271 -4 -36
11335888388960 -4 -34
34487549997168 -4 -32
96869431424496 -4 -30
251916602590267 -4 -28
608051180948574 -4 -26
1365106599458945 -4 -24
2855920217151694 -4 -22
5576783402256549 -4 -20
10178692925202694 -4 -18
17386022416316757 -4 -16
27820395898908322 -4 -14
41741529249988783 -4 -12
58767935026645228 -4 -10
77686789601301345 -4 -8
96472301632741674 -4 -6
112582343080734025 -4 -4
123499515474522354 -4 -2
127366732307451924 -4 0
123499515474522354 -4 2
112582343080734025 -4 4
96472301632741674 -4 6
77686789601301345 -4 8
58767935026645228 -4 10
41741529249988783 -4 12
27820395898908322 -4 14
17386022416316757 -4 16
10178692925202694 -4 18
5576783402256549 -4 20
2855920217151694 -4 22
1365106599458945 -4 24
608051180948574 -4 26
251916602590267 -4 28
96869431424496 -4 30
34487549997168 -4 32
11335888388960 -4 34
3428847657271 -4 36
950821429238 -4 38
240653442899 -4 40
55305541550 -4 42
11470408184 -4 44
2131262174 -4 46
351437449 -4 48
50908642 -4 50
6387018 -4 52
680854 -4 54
58515 -4 56
4808 -4 58
143 -4 60
18 -4 62
8 -2 -62
274 -2 -60
4488 -2 -58
68796 -2 -56
739144 -2 -54
6943662 -2 -52
54908496 -2 -50
376909922 -2 -48
2275891216 -2 -46
12207890260 -2 -44
58706166734 -2 -42
254907972138 -2 -40
1005430214274 -2 -38
3620842113640 -2 -36
11957618898680 -2 -34
36347763896976 -2 -32
102025777206640 -2 -30
265189432633832 -2 -28
639842331998058 -2 -26
1436085851566640 -2 -24
3003864728986532 -2 -22
5865036522037318 -2 -20
10704274527183464 -2 -18
18283673651186154 -2 -16
29257611685887688 -2 -14
43900114518526234 -2 -12
61810805850270690 -2 -10
81714441851126064 -2 -8
101479786988121936 -2 -6
118431516925089668 -2 -4
129919745537524384 -2 -2
133989373312081708 -2 0
129919745537524384 -2 2
118431516925089668 -2 4
101479786988121936 -2 6
81714441851126064 -2 8
61810805850270690 -2 10
43900114518526234 -2 12
29257611685887688 -2 14
18283673651186154 -2 16
10704274527183464 -2 18
5865036522037318 -2 20
3003864728986532 -2 22
1436085851566640 -2 24
639842331998058 -2 26
265189432633832 -2 28
102025777206640 -2 30
36347763896976 -2 32
11957618898680 -2 34
3620842113640 -2 36
1005430214274 -2 38
254907972138 -2 40
58706166734 -2 42
12207890260 -2 44
2275891216 -2 46
376909922 -2 48
54908496 -2 50
6943662 -2 52
739144 -2 54
68796 -2 56
4488 -2 58
274 -2 60
8 -2 62
1 0 -64
2 0 -62
418 0 -60
4364 0 -58
71391 0 -56
770058 0 -54
7124153 0 -52
56392020 0 -50
386359272 0 -48
2327936192 0 -46
12473923193 0 -44
59924055780 0 -42
259977330931 0 -40
1024756553424 0 -38
3688470854164 0 -36
12175664782036 0 -34
36997792984278 0 -32
103821933355916 0 -30
269800416499612 0 -28
650861662843652 0 -26
1460642776394757 0 -24
3054973058419768 0 -22
5964498672762459 0 -20
10885466135452216 0 -18
18592935919499720 0 -16
29752550791440348 0 -14
44643272555418163 0 -12
62858250857606834 0 -10
83100793388532265 0 -8
103203392151285192 0 -6
120444868815078126 0 -4
132129703634927350 0 -2
136269022605984498 0 0
132129703634927350 0 2
120444868815078126 0 4
103203392151285192 0 6
83100793388532265 0 8
62858250857606834 0 10
44643272555418163 0 12
29752550791440348 0 14
18592935919499720 0 16
10885466135452216 0 18
5964498672762459 0 20
3054973058419768 0 22
1460642776394757 0 24
650861662843652 0 26
269800416499612 0 28
103821933355916 0 30
36997792984278 0 32
12175664782036 0 34
3688470854164 0 36
1024756553424 0 38
259977330931 0 40
59924055780 0 42
12473923193 0 44
2327936192 0 46
386359272 0 48
56392020 0 50
7124153 0 52
770058 0 54
71391 0 56
4364 0 58
418 0 60
2 0 62
1 0 64
10 2 -62
226 2 -60
5192 2 -58
65320 2 -56
757510 2 -54
6964542 2 -52
55103896 2 -50
378331800 2 -48
2282138024 2 -46
12236565526 2 -44
58821059788 2 -42
255317812640 2 -40
1006765584394 2 -38
3624788333962 2 -36
11968177789162 2 -34
36373537945308 2 -32
102083126182938 2 -30
265305568077702 2 -28
640056211158808 2 -26
1436443305606272 2 -24
3004404047145234 2 -22
5865765514415894 2 -20
10705145816801824 2 -18
18284572613122788 2 -16
29258367702760018 2 -14
43900546515515982 2 -12
61810779135789692 2 -10
81713916139420002 2 -8
101478821961355354 2 -6
118430235976196414 2 -4
129918287410370588 2 -2
133987859231256108 2 0
129918287410370588 2 2
118430235976196414 2 4
101478821961355354 2 6
81713916139420002 2 8
61810779135789692 2 10
43900546515515982 2 12
29258367702760018 2 14
18284572613122788 2 16
10705145816801824 2 18
5865765514415894 2 20
3004404047145234 2 22
1436443305606272 2 24
640056211158808 2 26
265305568077702 2 28
102083126182938 2 30
36373537945308 2 32
11968177789162 2 34
3624788333962 2 36
1006765584394 2 38
255317812640 2 40
58821059788 2 42
12236565526 2 44
2282138024 2 46
378331800 2 48
55103896 2 50
6964542 2 52
757510 2 54
65320 2 56
5192 2 58
226 2 60
10 2 62
20 4 -62
125 4 -60
5076 4 -58
58555 4 -56
689322 4 -54
6458668 4 -52
51278018 4 -50
353829521 4 -48
2143051968 4 -46
11522145381 4 -44
55514274504 4 -42
241405139911 4 -40
953264161464 4 -38
3436065602100 4 -36
11355282608836 4 -34
34534962973418 4 -32
96975024077172 4 -30
252130794469560 4 -28
608446356086562 4 -26
1365768030609890 4 -24
2856920204332036 4 -22
5578138877755914 4 -20
10180319381581920 4 -18
17387708824653027 4 -16
27821827063219520 4 -14
41742364683345585 4 -12
58767918190542950 4 -10
77685833567451288 4 -8
96470504822945946 4 -6
112579930529754155 4 -4
123496748686905966 4 -2
127363852723028364 4 0
123496748686905966 4 2
112579930529754155 4 4
96470504822945946 4 6
77685833567451288 4 8
58767918190542950 4 10
41742364683345585 4 12
27821827063219520 4 14
17387708824653027 4 16
10180319381581920 4 18
5578138877755914 4 20
2856920204332036 4 22
1365768030609890 4 24
608446356086562 4 26
252130794469560 4 28
96975024077172 4 30
34534962973418 4 32
11355282608836 4 34
3436065602100 4 36
953264161464 4 38
241405139911 4 40
55514274504 4 42
11522145381 4 44
2143051968 4 46
353829521 4 48
51278018 4 50
6458668 4 52
689322 4 54
58555 4 56
5076 4 58
125 4 60
20 4 62
2 6 -62
206 6 -60
3114 6 -58
53596 6 -56
587502 6 -54
5641724 6 -52
45468306 6 -50
315855724 6 -48
1925779000 6 -46
10409279716 6 -44
50351374010 6 -42
219653594352 6 -40
869590672762 6 -38
3140791948498 6 -36
10396032581556 6 -34
31657072149362 6 -32
88979241453142 6 -30
231509375315772 6 -28
558976056899404 6 -26
1255177405242726 6 -24
2626186140009314 6 -22
5128250116298472 6 -20
9359594497653828 6 -18
15985493956486556 6 -16
25576314585187082 6 -14
38369478974389240 6 -12
54013243445105714 6 -10
71392613703202036 6 -8
88646760217968860 6 -6
103441669141316508 6 -4
113466745859463892 6 -2
117017794138866000 6 0
113466745859463892 6 2
103441669141316508 6 4
88646760217968860 6 6
71392613703202036 6 8
54013243445105714 6 10
38369478974389240 6 12
25576314585187082 6 14
15985493956486556 6 16
9359594497653828 6 18
5128250116298472 6 20
2626186140009314 6 22
1255177405242726 6 24
558976056899404 6 26
231509375315772 6 28
88979241453142 6 30
31657072149362 6 32
10396032581556 6 34
3140791948498 6 36
869590672762 6 38
219653594352 6 40
50351374010 6 42
10409279716 6 44
1925779000 6 46
315855724 6 48
45468306 6 50
5641724 6 52
587502 6 54
53596 6 56
3114 6 58
206 6 60
2 6 62
195 8 -60
2028 8 -58
41967 8 -56
475430 8 -54
4650838 8 -52
38221382 8 -50
268929282 8 -48
1654924832 8 -46
9013190452 8 -44
43856328410 8 -42
192211000299 8 -40
763780039722 8 -38
2766774706539 8 -36
9179394394260 8 -34
28003441870938 8 -32
78821145263698 8 -30
205298537270665 8 -28
496077413087782 8 -26
1114545274496145 8 -24
2332761402947316 8 -22
4556153398523796 8 -20
8316049684975050 8 -18
14202886815828350 8 -16
22722201789754770 8 -14
34083343223968532 8 -12
47972439626062566 8 -10
63398623748973057 8 -8
78710233746999602 8 -6
91837084290437207 8 -4
100730736379242512 8 -2
103880805817662196 8 0
100730736379242512 8 2
91837084290437207 8 4
78710233746999602 8 6
63398623748973057 8 8
47972439626062566 8 10
34083343223968532 8 12
22722201789754770 8 14
14202886815828350 8 16
8316049684975050 8 18
4556153398523796 8 20
2332761402947316 8 22
1114545274496145 8 24
496077413087782 8 26
205298537270665 8 28
78821145263698 8 30
28003441870938 8 32
9179394394260 8 34
2766774706539 8 36
763780039722 8 38
192211000299 8 40
43856328410 8 42
9013190452 8 44
1654924832 8 46
268929282 8 48
38221382 8 50
4650838 8 52
475430 8 54
41967 8 56
2028 8 58
195 8 60
36 10 -60
1998 10 -58
26628 10 -56
366064 10 -54
3623126 10 -52
30345680 10 -50
217895042 10 -48
1358152896 10 -46
7470620770 10 -44
36643650242 10 -42
161608079930 10 -40
645366389208 10 -38
2347086665896 10 -36
7811366345472 10 -34
23888451335850 10 -32
67366333010212 10 -30
175715708707682 10 -28
425043898642786 10 -26
955664630859762 10 -24
2001198004936084 10 -22
3909669472916956 10 -20
7136904909671612 10 -18
12188966132404870 10 -16
19498433243983318 10 -14
29243280244284498 10 -12
41152683064719454 10 -10
54375997794119982 10 -8
67497449934562464 10 -6
78744093871268180 10 -4
86362653162593390 10 -2
89060869249123344 10 0
86362653162593390 10 2
78744093871268180 10 4
67497449934562464 10 6
54375997794119982 10 8
41152683064719454 10 10
29243280244284498 10 12
19498433243983318 10 14
12188966132404870 10 16
7136904909671612 10 18
3909669472916956 10 20
2001198004936084 10 22
955664630859762 10 24
425043898642786 10 26
175715708707682 10 28
67366333010212 10 30
23888451335850 10 32
7811366345472 10 34
2347086665896 10 36
645366389208 10 38
161608079930 10 40
36643650242 10 42
7470620770 10 44
1358152896 10 46
217895042 10 48
30345680 10 50
3623126 10 52
366064 10 54
26628 10 56
1998 10 58
36 10 60
1 12 -60
1242 12 -58
17027 12 -56
251926 12 -54
2642826 12 -52
22822098 12 -50
167443731 12 -48
1062115488 12 -46
5918728706 12 -44
29327277668 12 -42
130388397577 12 -40
524017377002 12 -38
1915395677807 12 -36
6400157613026 12 -34
19634141218586 12 -32
55503586124752 12 -30
145040960055295 12 -28
351323431946650 12 -26
790678875889404 12 -24
1656782208588324 12 -22
3238044365695561 12 -20
5911949643501276 12 -18
10097127747148539 12 -16
16150731959564778 12 -14
24218575990398393 12 -12
34074885027578568 12 -10
45014672141319152 12 -8
55866670516581432 12 -6
65165658503999651 12 -4
71463682182671642 12 -2
73693997090767232 12 0
71463682182671642 12 2
65165658503999651 12 4
55866670516581432 12 6
45014672141319152 12 8
34074885027578568 12 10
24218575990398393 12 12
16150731959564778 12 14
10097127747148539 12 16
5911949643501276 12 18
3238044365695561 12 20
1656782208588324 12 22
790678875889404 12 24
351323431946650 12 26
145040960055295 12 28
55503586124752 12 30
19634141218586 12 32
6400157613026 12 34
1915395677807 12 36
524017377002 12 38
130388397577 12 40
29327277668 12 42
5918728706 12 44
1062115488 12 46
167443731 12 48
22822098 12 50
2642826 12 52
251926 12 54
17027 12 56
1242 12 58
1 12 60
288 14 -58
11998 14 -56
154092 14 -54
1791572 14 -52
16157972 14 -50
121655424 14 -48
789307724 14 -46
4472503940 14 -44
22443477378 14 -42
100789391648 14 -40
408288072938 14 -38
1501755506478 14 -36
5042905382372 14 -34
15530685230522 14 -32
44036206483352 14 -30
115339795556220 14 -28
279859154040610 14 -26
630617271263234 14 -24
1322490442407308 14 -22
2586026010176718 14 -20
4722747672324906 14 -18
8066641398241274 14 -16
12902032405257042 14 -14
19343996858842208 14 -12
27210872424781842 14 -10
35939081031507162 14 -8
44594142086952296 14 -6
52008409582160008 14 -4
57028901505153544 14 -2
58806613132230516 14 0
57028901505153544 14 2
52008409582160008 14 4
44594142086952296 14 6
35939081031507162 14 8
27210872424781842 14 10
19343996858842208 14 12
12902032405257042 14 14
8066641398241274 14 16
4722747672324906 14 18
2586026010176718 14 20
1322490442407308 14 22
630617271263234 14 24
279859154040610 14 26
115339795556220 14 28
44036206483352 14 30
15530685230522 14 32
5042905382372 14 34
1501755506478 14 36
408288072938 14 38
100789391648 14 40
22443477378 14 42
4472503940 14 44
789307724 14 46
121655424 14 48
16157972 14 50
1791572 14 52
154092 14 54
11998 14 56
288 14 58
16 16 -58
5681 16 -56
89818 16 -54
1113704 16 -52
10649536 16 -50
83426248 16 -48
555564658 16 -46
3213729848 16 -44
16385997534 16 -42
74495508091 16 -40
304712861918 16 -38
1129400579174 16 -36
3815478295198 16 -34
11806356881848 16 -32
33599601870072 16 -30
88252458708957 16 -28
214586530213904 16 -26
484274420349064 16 -24
1016658742366020 16 -22
1989331092379463 16 -20
3634377923612172 16 -18
6208544877712296 16 -16
9929897916139734 16 -14
14885874711858749 16 -12
20935577662383808 16 -10
27644867382669660 16 -8
34295405165847542 16 -6
39990739426278425 16 -4
43846419892829862 16 -2
45211525315041168 16 0
43846419892829862 16 2
39990739426278425 16 4
34295405165847542 16 6
27644867382669660 16 8
20935577662383808 16 10
14885874711858749 16 12
9929897916139734 16 14
6208544877712296 16 16
3634377923612172 16 18
1989331092379463 16 20
1016658742366020 16 22
484274420349064 16 24
214586530213904 16 26
88252458708957 16 28
33599601870072 16 30
11806356881848 16 32
3815478295198 16 34
1129400579174 16 36
304712861918 16 38
74495508091 16 40
16385997534 16 42
3213729848 16 44
555564658 16 46
83426248 16 48
10649536 16 50
1113704 16 52
89818 16 54
5681 16 56
16 16 58
1362 18 -56
49174 18 -54
628040 18 -52
6482794 18 -50
53565062 18 -48
368906116 18 -46
2188933486 18 -44
11380236570 18 -42
52518454470 18 -40
217352434594 18 -38
813086961534 18 -36
2766931854460 18 -34
8610792937228 18 -32
24614442297664 18 -30
64872912642282 18 -28
158144189181318 18 -26
357566845524666 18 -24
751645051381474 18 -22
1472046296659570 18 -20
2690714758586734 18 -18
4597620488982088 18 -16
7353734991794818 18 -14
11022985929581348 18 -12
15500194653872262 18 -10
20463493052966024 18 -8
25381451966546948 18 -6
29591723742976884 18 -4
32441392478614946 18 -2
33450201322851656 18 0
32441392478614946 18 2
29591723742976884 18 4
25381451966546948 18 6
20463493052966024 18 8
15500194653872262 18 10
11022985929581348 18 12
7353734991794818 18 14
4597620488982088 18 16
2690714758586734 18 18
1472046296659570 18 20
751645051381474 18 22
357566845524666 18 24
158144189181318 18 26
64872912642282 18 28
24614442297664 18 30
8610792937228 18 32
2766931854460 18 34
813086961534 18 36
217352434594 18 38
52518454470 18 40
11380236570 18 42
2188933486 18 44
368906116 18 46
53565062 18 48
6482794 18 50
628040 18 52
49174 18 54
1362 18 56
107 20 -56
19050 20 -54
322345 20 -52
3632998 20 -50
31883159 20 -48
229835558 20 -46
1407116884 20 -44
7490569574 20 -42
35207374137 20 -40
147786293010 20 -38
559007872342 20 -36
1918950615070 20 -34
6012766832213 20 -32
17279490999054 20 -30
45728094370852 20 -28
111820063084832 20 -26
253407410037440 20 -24
533563475450594 20 -22
1046111845757387 20 -20
1913499352070308 20 -18
3270847731289215 20 -16
5232395501130378 20 -14
7843091276289008 20 -12
11027504426329310 20 -10
14556293366859064 20 -8
18051584258242434 20 -6
21043003731997358 20 -4
23067269591687126 20 -2
23783797483915570 20 0
23067269591687126 20 2
21043003731997358 20 4
18051584258242434 20 6
14556293366859064 20 8
11027504426329310 20 10
7843091276289008 20 12
5232395501130378 20 14
3270847731289215 20 16
1913499352070308 20 18
1046111845757387 20 20
533563475450594 20 22
253407410037440 20 24
111820063084832 20 26
45728094370852 20 28
17279490999054 20 30
6012766832213 20 32
1918950615070 20 34
559007872342 20 36
147786293010 20 38
35207374137 20 40
7490569574 20 42
1407116884 20 44
229835558 20 46
31883159 20 48
3632998 20 50
322345 20 52
19050 20 54
107 20 56
4248 22 -54
142960 22 -52
1833880 22 -50
17453076 22 -48
133282034 22 -46
849038478 22 -44
4652840188 22 -42
22357952464 22 -40
95466317464 22 -38
365938535242 22 -36
1269329002430 22 -34
4009814399624 22 -32
11596805258804 22 -30
30840449247626 22 -28
75697325264286 22 -26
172025408309794 22 -24
362944939390156 22 -22
712606331568096 22 -20
1304694221667832 22 -18
2231462974892434 22 -16
3570754696080890 22 -14
5352946447332558 22 -12
7526179024197692 22 -10
9933664414117124 22 -8
12317553558202230 22 -6
14357246102705016 22 -4
15737221723997002 22 -2
16225641543289288 22 0
15737221723997002 22 2
14357246102705016 22 4
12317553558202230 22 6
9933664414117124 22 8
7526179024197692 22 10
5352946447332558 22 12
3570754696080890 22 14
2231462974892434 22 16
1304694221667832 22 18
712606331568096 22 20
362944939390156 22 22
172025408309794 22 24
75697325264286 22 26
30840449247626 22 28
11596805258804 22 30
4009814399624 22 32
1269329002430 22 34
365938535242 22 36
95466317464 22 38
22357952464 22 40
4652840188 22 42
849038478 22 44
133282034 22 46
17453076 22 48
1833880 22 50
142960 22 52
4248 22 54
388 24 -54
46410 24 -52
812302 24 -50
8701346 24 -48
71201350 24 -46
477240186 24 -44
2712064168 24 -42
13387118644 24 -40
58352730236 24 -38
227273611969 24 -36
798201422734 24 -34
2546144092505 24 -32
7419735445586 24 -30
19848168915986 24 -28
48936727604938 24 -26
111589383734424 24 -24
236027572187328 24 -22
464255813947669 24 -20
851062214289594 24 -18
1456804837430132 24 -16
2332337344144272 24 -14
3497383194300849 24 -12
4917848885817962 24 -10
6491092575634432 24 -8
8048563284821948 24 -6
9380889806858083 24 -4
10282154855914538 24 -2
10601117773649418 24 0
10282154855914538 24 2
9380889806858083 24 4
8048563284821948 24 6
6491092575634432 24 8
4917848885817962 24 10
3497383194300849 24 12
2332337344144272 24 14
1456804837430132 24 16
851062214289594 24 18
464255813947669 24 20
236027572187328 24 22
111589383734424 24 24
48936727604938 24 26
19848168915986 24 28
7419735445586 24 30
2546144092505 24 32
798201422734 24 34
227273611969 24 36
58352730236 24 38
13387118644 24 40
2712064168 24 42
477240186 24 44
71201350 24 46
8701346 24 48
812302 24 50
46410 24 52
388 24 54
9120 26 -52
297138 26 -50
3840310 26 -48
34657032 26 -46
247665274 26 -44
1472592174 26 -42
7513850364 26 -40
33580489090 26 -38
133328957032 26 -36
475295587396 26 -34
1533829654370 26 -32
4510401937678 26 -30
12150744702196 26 -28
30121331941018 26 -26
68970091448164 26 -24
146336816009646 26 -22
288500911585520 26 -20
529751070144144 26 -18
907855786014300 26 -16
1454614323360348 26 -14
2182324916508668 26 -12
3069618689532816 26 -10
4052296202700398 26 -8
5025027130988324 26 -6
5857054447685574 26 -4
6419838805094492 26 -2
6619001856020012 26 0
6419838805094492 26 2
5857054447685574 26 4
5025027130988324 26 6
4052296202700398 26 8
3069618689532816 26 10
2182324916508668 26 12
1454614323360348 26 14
907855786014300 26 16
529751070144144 26 18
288500911585520 26 20
146336816009646 26 22
68970091448164 26 24
30121331941018 26 26
12150744702196 26 28
4510401937678 26 30
1533829654370 26 32
475295587396 26 34
133328957032 26 36
33580489090 26 38
7513850364 26 40
1472592174 26 42
247665274 26 44
34657032 26 46
3840310 26 48
297138 26 50
9120 26 52
828 28 -52
80446 28 -50
1442791 28 -48
15086002 28 -46
117170246 28 -44
737906844 28 -42
3924267241 28 -40
18082456242 28 -38
73483360460 28 -36
266699426252 28 -34
872751670329 28 -32
2594463909582 28 -30
7048731457909 28 -28
17588734386744 28 -26
40478167289193 28 -24
86217451382044 28 -22
170474698410274 28 -20
313713229504590 28 -18
538486063735083 28 -16
863790407142118 28 -14
1296987764326178 28 -12
1825354126565174 28 -10
2410624530882246 28 -8
2990021523986148 28 -6
3485627235616281 28 -4
3820858736420742 28 -2
3939493477247738 28 0
3820858736420742 28 2
3485627235616281 28 4
2990021523986148 28 6
2410624530882246 28 8
1825354126565174 28 10
1296987764326178 28 12
863790407142118 28 14
538486063735083 28 16
313713229504590 28 18
170474698410274 28 20
86217451382044 28 22
40478167289193 28 24
17588734386744 28 26
7048731457909 28 28
2594463909582 28 30
872751670329 28 32
266699426252 28 34
73483360460 28 36
18082456242 28 38
3924267241 28 40
737906844 28 42
117170246 28 44
15086002 28 46
1442791 28 48
80446 28 50
828 28 52
13472 30 -50
435290 30 -48
5686704 30 -46
49705684 30 -44
337194232 30 -42
1888794766 30 -40
9040009230 30 -38
37796157540 30 -36
140191850854 30 -34
466552574760 30 -32
1405229072598 30 -30
3857030738906 30 -28
9701661041346 30 -26
22466462498104 30 -24
48084602075750 30 -22
95431168775236 30 -20
176119116096908 30 -18
302967668545094 30 -16
486796703364316 30 -14
731834554126342 30 -12
1030913575135526 30 -10
1362365849133348 30 -8
1690602632182668 30 -6
1971432631138972 30 -4
2161413440651820 30 -2
2228649763502764 30 0
2161413440651820 30 2
1971432631138972 30 4
1690602632182668 30 6
1362365849133348 30 8
1030913575135526 30 10
731834554126342 30 12
486796703364316 30 14
302967668545094 30 16
176119116096908 30 18
95431168775236 30 20
48084602075750 30 22
22466462498104 30 24
9701661041346 30 26
3857030738906 30 28
1405229072598 30 30
466552574760 30 32
140191850854 30 34
37796157540 30 36
9040009230 30 38
1888794766 30 40
337194232 30 42
49705684 30 44
5686704 30 46
435290 30 48
13472 30 50
1056 32 -50
96252 32 -48
1775394 32 -46
18440588 32 -44
138257520 32 -42
827746277 32 -40
4154550974 32 -38
17990932762 32 -36
68529257794 32 -34
232781673173 32 -32
712382706848 32 -30
1979836382816 32 -28
5028850637832 32 -26
11735381099529 32 -24
25269493664604 32 -22
50390445113542 32 -20
93344726127926 32 -18
161048053306700 32 -16
259361417953108 32 -14
390613764758750 32 -12
551004217466264 32 -10
728917082225490 32 -8
905222437574998 32 -6
1056135835648086 32 -4
1158259240644818 32 -2
1194407146390342 32 0
1158259240644818 32 2
1056135835648086 32 4
905222437574998 32 6
728917082225490 32 8
551004217466264 32 10
390613764758750 32 12
259361417953108 32 14
161048053306700 32 16
93344726127926 32 18
50390445113542 32 20
25269493664604 32 22
11735381099529 32 24
5028850637832 32 26
1979836382816 32 28
712382706848 32 30
232781673173 32 32
68529257794 32 34
17990932762 32 36
4154550974 32 38
827746277 32 40
138257520 32 42
18440588 32 44
1775394 32 46
96252 32 48
1056 32 50
13220 34 -48
434510 34 -46
5776346 34 -44
49731468 34 -42
325008568 34 -40
1733010116 34 -38
7842238808 34 -36
30870718886 34 -34
107529451370 34 -32
335552719124 34 -30
946929145976 34 -28
2434435389198 34 -26
5735690814362 34 -24
12445118689458 34 -22
24968926083754 34 -20
46479822896584 34 -18
80506972970296 34 -16
130061396283764 34 -14
196371764947300 34 -12
277552276208354 34 -10
367731575213488 34 -8
457194355245346 34 -6
533833492095248 34 -4
585722346888872 34 -2
604093808913888 34 0
585722346888872 34 2
533833492095248 34 4
457194355245346 34 6
367731575213488 34 8
277552276208354 34 10
196371764947300 34 12
130061396283764 34 14
80506972970296 34 16
46479822896584 34 18
24968926083754 34 20
12445118689458 34 22
5735690814362 34 24
2434435389198 34 26
946929145976 34 28
335552719124 34 30
107529451370 34 32
30870718886 34 34
7842238808 34 36
1733010116 34 38
325008568 34 40
49731468 34 42
5776346 34 44
434510 34 46
13220 34 48
780 36 -48
76038 36 -46
1458185 36 -44
15243866 36 -42
112008521 36 -40
645721966 36 -38
3088980186 36 -36
12670333550 36 -34
45532338080 36 -32
145554323514 36 -30
418597072316 36 -28
1092424349534 36 -26
2604891172134 36 -24
5706924767402 36 -22
11540031745774 36 -20
21619313853220 36 -18
37641735580716 36 -16
61069493104876 36 -14
92522114746589 36 -12
131130749972444 36 -10
174110268407069 36 -8
216818230224584 36 -6
253448167054070 36 -4
278267982964686 36 -2
287058928742520 36 0
278267982964686 36 2
253448167054070 36 4
216818230224584 36 6
174110268407069 36 8
131130749972444 36 10
92522114746589 36 12
61069493104876 36 14
37641735580716 36 16
21619313853220 36 18
11540031745774 36 20
5706924767402 36 22
2604891172134 36 24
1092424349534 36 26
418597072316 36 28
145554323514 36 30
45532338080 36 32
12670333550 36 34
3088980186 36 36
645721966 36 38
112008521 36 40
15243866 36 42
1458185 36 44
76038 36 46
780 36 48
8040 38 -46
279960 38 -44
3832868 38 -42
32974776 38 -40
210575572 38 -38
1081495126 38 -36
4672048318 38 -34
17458027870 38 -32
57512136024 38 -30
169347587176 38 -28
450339260724 38 -26
1090229544650 38 -24
2418136846754 38 -22
4939334050460 38 -20
9330631912300 38 -18
16357401523516 38 -16
26688174201924 38 -14
40620380976748 38 -12
57785670269926 38 -10
76951004091500 38 -8
96039341528116 38 -6
112439062629242 38 -4
123563737589482 38 -2
127506194058048 38 0
123563737589482 38 2
112439062629242 38 4
96039341528116 38 6
76951004091500 38 8
57785670269926 38 10
40620380976748 38 12
26688174201924 38 14
16357401523516 38 16
9330631912300 38 18
4939334050460 38 20
2418136846754 38 22
1090229544650 38 24
450339260724 38 26
169347587176 38 28
57512136024 38 30
17458027870 38 32
4672048318 38 34
1081495126 38 36
210575572 38 38
32974776 38 40
3832868 38 42
279960 38 44
8040 38 46
304 40 -46
36972 40 -44
752140 40 -42
8020292 40 -40
58585752 40 -38
329700908 40 -36
1521176960 40 -34
5970893683 40 -32
20427614934 40 -30
61959728065 40 -28
168715402374 40 -26
416366349884 40 -24
938165231326 40 -22
1941414538743 40 -20
3707247996288 40 -18
6557719783512 40 -16
10779215815246 40 -14
16506980330907 40 -12
23599093845628 40 -10
31549271908988 40 -8
39492110787876 40 -6
46331711235925 40 -4
50978249709316 40 -2
52626148780530 40 0
50978249709316 40 2
46331711235925 40 4
39492110787876 40 6
31549271908988 40 8
23599093845628 40 10
16506980330907 40 12
10779215815246 40 14
6557719783512 40 16
3707247996288 40 18
1941414538743 40 20
938165231326 40 22
416366349884 40 24
168715402374 40 26
61959728065 40 28
20427614934 40 30
5970893683 40 32
1521176960 40 34
329700908 40 36
58585752 40 38
8020292 40 40
752140 40 42
36972 40 44
304 40 46
2680 42 -44
107106 42 -42
1544002 42 -40
13478324 42 -38
85353576 42 -36
428152598 42 -34
1788376020 42 -32
6417717790 42 -30
20210134218 42 -28
56709450978 42 -26
143412900420 42 -24
329716563440 42 -22
693829214766 42 -20
1343561123592 42 -18
2404522997336 42 -16
3990977081458 42 -14
6160722459456 42 -12
8864885323674 42 -10
11912141634464 42 -8
14968992995674 42 -6
17609110632112 42 -4
19406206377846 42 -2
20044166246860 42 0
19406206377846 42 2
17609110632112 42 4
14968992995674 42 6
11912141634464 42 8
8864885323674 42 10
6160722459456 42 12
3990977081458 42 14
2404522997336 42 16
1343561123592 42 18
693829214766 42 20
329716563440 42 22
143412900420 42 24
56709450978 42 26
20210134218 42 28
6417717790 42 30
1788376020 42 32
428152598 42 34
85353576 42 36
13478324 42 38
1544002 42 40
107106 42 42
2680 42 44
48 44 -44
9736 44 -42
220712 44 -40
2458304 44 -38
18173082 44 -36
101486698 44 -34
458695277 44 -32
1748572150 44 -30
5774919987 44 -28
16836152246 44 -26
43927097109 44 -24
103633091232 44 -22
222826438000 44 -20
439344160792 44 -18
798230084774 44 -16
1341624452868 44 -14
2092545939906 44 -12
3036355587850 44 -10
4107086363515 44 -8
5186768615748 44 -6
6122782339057 44 -4
6761476561176 44 -2
6988481754666 44 0
6761476561176 44 2
6122782339057 44 4
5186768615748 44 6
4107086363515 44 8
3036355587850 44 10
2092545939906 44 12
1341624452868 44 14
798230084774 44 16
439344160792 44 18
222826438000 44 20
103633091232 44 22
43927097109 44 24
16836152246 44 26
5774919987 44 28
1748572150 44 30
458695277 44 32
101486698 44 34
18173082 44 36
2458304 44 38
220712 44 40
9736 44 42
48 44 44
368 46 -42
20886 46 -40
334630 46 -38
3051062 46 -36
19592728 46 -34
97947426 46 -32
403194054 46 -30
1414886062 46 -28
4331817436 46 -26
11763396684 46 -24
28685234884 46 -22
63402808088 46 -20
127936683936 46 -18
236994177502 46 -16
404808841804 46 -14
639825904278 46 -12
938422341776 46 -10
1280078011632 46 -8
1626834756122 46 -6
1928853505862 46 -4
2135554687830 46 -2
2209127552172 46 0
2135554687830 46 2
1928853505862 46 4
1626834756122 46 6
1280078011632 46 8
938422341776 46 10
639825904278 46 12
404808841804 46 14
236994177502 46 16
127936683936 46 18
63402808088 46 20
28685234884 46 22
11763396684 46 24
4331817436 46 26
1414886062 46 28
403194054 46 30
97947426 46 32
19592728 46 34
3051062 46 36
334630 46 38
20886 46 40
368 46 42
1028 48 -40
30530 48 -38
378558 48 -36
2941458 48 -34
16782421 48 -32
76252502 48 -30
289182629 48 -28
942813414 48 -26
2695958399 48 -24
6860797054 48 -22
15711955199 48 -20
32657062786 48 -18
62009653808 48 -16
108116928526 48 -14
173795040205 48 -12
258401020322 48 -10
356271740685 48 -8
456433888488 48 -6
544197611601 48 -4
604498362840 48 -2
626003586774 48 0
604498362840 48 2
544197611601 48 4
456433888488 48 6
356271740685 48 8
258401020322 48 10
173795040205 48 12
108116928526 48 14
62009653808 48 16
32657062786 48 18
15711955199 48 20
6860797054 48 22
2695958399 48 24
942813414 48 26
289182629 48 28
76252502 48 30
16782421 48 32
2941458 48 34
378558 48 36
30530 48 38
1028 48 40
1438 50 -38
30880 50 -36
318946 50 -34
2186554 50 -32
11332998 50 -30
47558180 50 -28
168206192 50 -26
514282406 50 -24
1383239134 50 -22
3316124992 50 -20
7159084730 50 -18
14029674414 50 -16
25111314372 50 -14
41245853100 50 -12
62401617762 50 -10
87217979628 50 -8
112885710886 50 -6
135547646424 50 -4
151194667942 50 -2
156788315644 50 0
151194667942 50 2
135547646424 50 4
112885710886 50 6
87217979628 50 8
62401617762 50 10
41245853100 50 12
25111314372 50 14
14029674414 50 16
7159084730 50 18
3316124992 50 20
1383239134 50 22
514282406 50 24
168206192 50 26
47558180 50 28
11332998 50 30
2186554 50 32
318946 50 34
30880 50 36
1438 50 38
1236 52 -36
21968 52 -34
199917 52 -32
1246536 52 -30
5989184 52 -28
23569240 52 -26
78661393 52 -24
227518240 52 -22
579132503 52 -20
1313227804 52 -18
2679168930 52 -16
4956255258 52 -14
8364052433 52 -12
12935943740 52 -10
18401425691 52 -8
24141209440 52 -6
29267186340 52 -4
32833039518 52 -2
34112428234 52 0
32833039518 52 2
29267186340 52 4
24141209440 52 6
18401425691 52 8
12935943740 52 10
8364052433 52 12
4956255258 52 14
2679168930 52 16
1313227804 52 18
579132503 52 20
227518240 52 22
78661393 52 24
23569240 52 26
5989184 52 28
1246536 52 30
199917 52 32
21968 52 34
1236 52 36
702 54 -34
11008 54 -32
91622 54 -30
534032 54 -28
2430594 54 -26
9121910 54 -24
29078744 54 -22
80201574 54 -20
194094676 54 -18
417242418 54 -16
805202816 54 -14
1406780102 54 -12
2238885164 54 -10
3259796904 54 -8
4355075874 54 -6
5349669340 54 -4
6049721824 54 -2
6302449456 54 0
6049721824 54 2
5349669340 54 4
4355075874 54 6
3259796904 54 8
2238885164 54 10
1406780102 54 12
805202816 54 14
417242418 54 16
194094676 54 18
80201574 54 20
29078744 54 22
9121910 54 24
2430594 54 26
534032 54 28
91622 54 30
11008 54 32
702 54 34
244 56 -32
3672 56 -30
29434 56 -28
166340 56 -26
737140 56 -24
2689124 56 -22
8277858 56 -20
21865538 56 -18
50329318 56 -16
102463088 56 -14
186942076 56 -12
308690454 56 -10
464081768 56 -8
636947578 56 -6
798749416 56 -4
915151422 56 -2
957659924 56 0
915151422 56 2
798749416 56 4
636947578 56 6
464081768 56 8
308690454 56 10
186942076 56 12
102463088 56 14
50329318 56 16
21865538 56 18
8277858 56 20
2689124 56 22
737140 56 24
166340 56 26
29434 56 28
3672 56 30
244 56 32
52 58 -30
812 58 -28
6558 58 -26
36950 58 -24
162006 58 -22
577934 58 -20
1716490 58 -18
4327874 58 -16
9458348 58 -14
18287672 58 -12
31792022 58 -10
50122592 58 -8
71742450 58 -6
92953238 58 -4
108685850 58 -2
114513408 58 0
108685850 58 2
92953238 58 4
71742450 58 6
50122592 58 8
31792022 58 10
18287672 58 12
9458348 58 14
4327874 58 16
1716490 58 18
577934 58 20
162006 58 22
36950 58 24
6558 58 26
812 58 28
52 58 30
8 60 -28
124 60 -26
972 60 -24
5300 60 -22
22457 60 -20
76996 60 -18
218714 60 -16
527276 60 -14
1106753 60 -12
2071886 60 -10
3516300 60 -8
5422254 60 -6
7514526 60 -4
9214052 60 -2
9876316 60 0
9214052 60 2
7514526 60 4
5422254 60 6
3516300 60 8
2071886 60 10
1106753 60 12
527276 60 14
218714 60 16
76996 60 18
22457 60 20
5300 60 22
972 60 24
124 60 26
8 60 28
2 62 -24
26 62 -22
182 62 -20
904 62 -18
3500 62 -16
11064 62 -14
29408 62 -12
67194 62 -10
134528 62 -8
238092 62 -6
368258 62 -4
485536 62 -2
533876 62 0
485536 62 2
368258 62 4
238092 62 6
134528 62 8
67194 62 10
29408 62 12
11064 62 14
3500 62 16
904 62 18
182 62 20
26 62 22
2 62 24
