#H	Egs	gMgs	Mgs/N	Mgs	E2
0.000000000	-62.000000000	2	-0.406250000	-26	-62	-62.000000000
0.000000000	-62.000000000	28	-0.375000000	-24	-62	-62.000000000
0.000000000	-62.000000000	190	-0.343750000	-22	-62	-62.000000000
0.000000000	-62.000000000	892	-0.312500000	-20	-62	-62.000000000
0.000000000	-62.000000000	3276	-0.281250000	-18	-62	-62.000000000
0.000000000	-62.000000000	9796	-0.250000000	-16	-62	-62.000000000
0.000000000	-62.000000000	24634	-0.218750000	-14	-62	-62.000000000
0.000000000	-62.000000000	54028	-0.187500000	-12	-62	-62.000000000
0.000000000	-62.000000000	104898	-0.156250000	-10	-62	-62.000000000
0.000000000	-62.000000000	179058	-0.125000000	-8	-62	-62.000000000
0.000000000	-62.000000000	266634	-0.093750000	-6	-62	-62.000000000
0.000000000	-62.000000000	347760	-0.062500000	-4	-62	-62.000000000
0.000000000	-62.000000000	403182	-0.031250000	-2	-62	-62.000000000
0.000000000	-62.000000000	422508	0.000000000	0	-62	-62.000000000
0.000000000	-62.000000000	403182	0.031250000	2	-62	-62.000000000
0.000000000	-62.000000000	347760	0.062500000	4	-62	-62.000000000
0.000000000	-62.000000000	266634	0.093750000	6	-62	-62.000000000
0.000000000	-62.000000000	179058	0.125000000	8	-62	-62.000000000
0.000000000	-62.000000000	104898	0.156250000	10	-62	-62.000000000
0.000000000	-62.000000000	54028	0.187500000	12	-62	-62.000000000
0.000000000	-62.000000000	24634	0.218750000	14	-62	-62.000000000
0.000000000	-62.000000000	9796	0.250000000	16	-62	-62.000000000
0.000000000	-62.000000000	3276	0.281250000	18	-62	-62.000000000
0.000000000	-62.000000000	892	0.312500000	20	-62	-62.000000000
0.000000000	-62.000000000	190	0.343750000	22	-62	-62.000000000
0.000000000	-62.000000000	28	0.375000000	24	-62	-62.000000000
0.000000000	-62.000000000	2	0.406250000	26	-62	-62.000000000
0.010000000	-62.260000000	2	0.406250000	26	-62	-62.260000000
0.020000000	-62.520000000	2	0.406250000	26	-62	-62.520000000
0.030000000	-62.780000000	2	0.406250000	26	-62	-62.780000000
0.040000000	-63.040000000	2	0.406250000	26	-62	-63.040000000
0.050000000	-63.300000000	2	0.406250000	26	-62	-63.300000000
0.060000000	-63.560000000	2	0.406250000	26	-62	-63.560000000
0.070000000	-63.820000000	2	0.406250000	26	-62	-63.820000000
0.080000000	-64.080000000	2	0.406250000	26	-62	-64.080000000
0.090000000	-64.340000000	2	0.406250000	26	-62	-64.340000000
0.100000000	-64.600000000	2	0.406250000	26	-62	-64.600000000
0.100000000	-64.600000000	2	0.406250000	26	-62	-64.600000000
0.110000000	-64.860000000	2	0.406250000	26	-62	-64.860000000
0.111111111	-64.888888889	2	0.406250000	26	-62	-64.888888889
0.120000000	-65.120000000	2	0.406250000	26	-62	-65.120000000
0.125000000	-65.250000000	2	0.406250000	26	-62	-65.250000000
0.130000000	-65.380000000	2	0.406250000	26	-62	-65.380000000
0.140000000	-65.640000000	2	0.406250000	26	-62	-65.640000000
0.142857143	-65.714285714	2	0.406250000	26	-62	-65.714285714
0.150000000	-65.900000000	2	0.406250000	26	-62	-65.900000000
0.160000000	-66.160000000	2	0.406250000	26	-62	-66.160000000
0.166666667	-66.333333333	2	0.406250000	26	-62	-66.333333333
0.170000000	-66.420000000	2	0.406250000	26	-62	-66.420000000
0.180000000	-66.680000000	2	0.406250000	26	-62	-66.680000000
0.190000000	-66.940000000	2	0.406250000	26	-62	-66.940000000
0.200000000	-67.200000000	2	0.406250000	26	-62	-67.200000000
0.200000000	-67.200000000	2	0.406250000	26	-62	-67.200000000
0.200000000	-67.200000000	2	0.406250000	26	-62	-67.200000000
0.210000000	-67.460000000	2	0.406250000	26	-62	-67.460000000
0.220000000	-67.720000000	2	0.406250000	26	-62	-67.720000000
0.222222222	-67.777777778	2	0.406250000	26	-62	-67.777777778
0.230000000	-67.980000000	2	0.406250000	26	-62	-67.980000000
0.240000000	-68.240000000	2	0.406250000	26	-62	-68.240000000
0.250000000	-68.500000000	2	0.406250000	26	-62	-68.500000000
0.250000000	-68.500000000	2	0.406250000	26	-62	-68.500000000
0.250000000	-68.500000000	2	0.406250000	26	-62	-68.500000000
0.260000000	-68.760000000	2	0.406250000	26	-62	-68.760000000
0.270000000	-69.020000000	2	0.406250000	26	-62	-69.020000000
0.280000000	-69.280000000	2	0.406250000	26	-62	-69.280000000
0.285714286	-69.428571429	2	0.406250000	26	-62	-69.428571429
0.290000000	-69.540000000	2	0.406250000	26	-62	-69.540000000
0.300000000	-69.800000000	2	0.406250000	26	-62	-69.800000000
0.300000000	-69.800000000	2	0.406250000	26	-62	-69.800000000
0.310000000	-70.060000000	2	0.406250000	26	-62	-70.060000000
0.320000000	-70.320000000	2	0.406250000	26	-62	-70.320000000
0.330000000	-70.580000000	2	0.406250000	26	-62	-70.580000000
0.333333333	-70.666666667	2	0.406250000	26	-62	-70.666666667
0.333333333	-70.666666667	2	0.406250000	26	-62	-70.666666667
0.333333333	-70.666666667	2	0.406250000	26	-62	-70.666666667
0.340000000	-70.840000000	2	0.406250000	26	-62	-70.840000000
0.350000000	-71.100000000	2	0.406250000	26	-62	-71.100000000
0.360000000	-71.360000000	2	0.406250000	26	-62	-71.360000000
0.370000000	-71.620000000	2	0.406250000	26	-62	-71.620000000
0.375000000	-71.750000000	2	0.406250000	26	-62	-71.750000000
0.380000000	-71.880000000	2	0.406250000	26	-62	-71.880000000
0.390000000	-72.140000000	2	0.406250000	26	-62	-72.140000000
0.400000000	-72.400000000	2	0.406250000	26	-62	-72.400000000
0.400000000	-72.400000000	2	0.406250000	26	-62	-72.400000000
0.400000000	-72.400000000	2	0.406250000	26	-62	-72.400000000
0.410000000	-72.660000000	2	0.406250000	26	-62	-72.660000000
0.420000000	-72.920000000	2	0.406250000	26	-62	-72.920000000
0.428571429	-73.142857143	2	0.406250000	26	-62	-73.142857143
0.430000000	-73.180000000	2	0.406250000	26	-62	-73.180000000
0.440000000	-73.440000000	2	0.406250000	26	-62	-73.440000000
0.444444444	-73.555555556	2	0.406250000	26	-62	-73.555555556
0.450000000	-73.700000000	2	0.406250000	26	-62	-73.700000000
0.460000000	-73.960000000	2	0.406250000	26	-62	-73.960000000
0.470000000	-74.220000000	2	0.406250000	26	-62	-74.220000000
0.480000000	-74.480000000	2	0.406250000	26	-62	-74.480000000
0.490000000	-74.740000000	2	0.406250000	26	-62	-74.740000000
0.500000000	-75.000000000	2	0.406250000	26	-62	-75.000000000
0.500000000	-75.000000000	8	0.468750000	30	-60	-75.000000000
0.500000000	-75.000000000	2	0.406250000	26	-62	-75.000000000
0.500000000	-75.000000000	8	0.468750000	30	-60	-75.000000000
0.500000000	-75.000000000	2	0.406250000	26	-62	-75.000000000
0.500000000	-75.000000000	8	0.468750000	30	-60	-75.000000000
0.500000000	-75.000000000	2	0.406250000	26	-62	-75.000000000
0.500000000	-75.000000000	8	0.468750000	30	-60	-75.000000000
0.500000000	-75.000000000	2	0.406250000	26	-62	-75.000000000
0.500000000	-75.000000000	8	0.468750000	30	-60	-75.000000000
0.500000000	-75.000000000	2	0.406250000	26	-62	-75.000000000
0.500000000	-75.000000000	8	0.468750000	30	-60	-75.000000000
0.510000000	-75.300000000	8	0.468750000	30	-60	-75.300000000
0.520000000	-75.600000000	8	0.468750000	30	-60	-75.600000000
0.530000000	-75.900000000	8	0.468750000	30	-60	-75.900000000
0.540000000	-76.200000000	8	0.468750000	30	-60	-76.200000000
0.550000000	-76.500000000	8	0.468750000	30	-60	-76.500000000
0.555555556	-76.666666667	8	0.468750000	30	-60	-76.666666667
0.560000000	-76.800000000	8	0.468750000	30	-60	-76.800000000
0.570000000	-77.100000000	8	0.468750000	30	-60	-77.100000000
0.571428571	-77.142857143	8	0.468750000	30	-60	-77.142857143
0.580000000	-77.400000000	8	0.468750000	30	-60	-77.400000000
0.590000000	-77.700000000	8	0.468750000	30	-60	-77.700000000
0.600000000	-78.000000000	8	0.468750000	30	-60	-78.000000000
0.600000000	-78.000000000	8	0.468750000	30	-60	-78.000000000
0.600000000	-78.000000000	8	0.468750000	30	-60	-78.000000000
0.610000000	-78.300000000	8	0.468750000	30	-60	-78.300000000
0.620000000	-78.600000000	8	0.468750000	30	-60	-78.600000000
0.625000000	-78.750000000	8	0.468750000	30	-60	-78.750000000
0.630000000	-78.900000000	8	0.468750000	30	-60	-78.900000000
0.640000000	-79.200000000	8	0.468750000	30	-60	-79.200000000
0.650000000	-79.500000000	8	0.468750000	30	-60	-79.500000000
0.660000000	-79.800000000	8	0.468750000	30	-60	-79.800000000
0.666666667	-80.000000000	8	0.468750000	30	-60	-80.000000000
0.666666667	-80.000000000	8	0.468750000	30	-60	-80.000000000
0.666666667	-80.000000000	8	0.468750000	30	-60	-80.000000000
0.670000000	-80.100000000	8	0.468750000	30	-60	-80.100000000
0.680000000	-80.400000000	8	0.468750000	30	-60	-80.400000000
0.690000000	-80.700000000	8	0.468750000	30	-60	-80.700000000
0.700000000	-81.000000000	8	0.468750000	30	-60	-81.000000000
0.700000000	-81.000000000	8	0.468750000	30	-60	-81.000000000
0.710000000	-81.300000000	8	0.468750000	30	-60	-81.300000000
0.714285714	-81.428571429	8	0.468750000	30	-60	-81.428571429
0.720000000	-81.600000000	8	0.468750000	30	-60	-81.600000000
0.730000000	-81.900000000	8	0.468750000	30	-60	-81.900000000
0.740000000	-82.200000000	8	0.468750000	30	-60	-82.200000000
0.750000000	-82.500000000	8	0.468750000	30	-60	-82.500000000
0.750000000	-82.500000000	8	0.468750000	30	-60	-82.500000000
0.750000000	-82.500000000	8	0.468750000	30	-60	-82.500000000
0.760000000	-82.800000000	8	0.468750000	30	-60	-82.800000000
0.770000000	-83.100000000	8	0.468750000	30	-60	-83.100000000
0.777777778	-83.333333333	8	0.468750000	30	-60	-83.333333333
0.780000000	-83.400000000	8	0.468750000	30	-60	-83.400000000
0.790000000	-83.700000000	8	0.468750000	30	-60	-83.700000000
0.800000000	-84.000000000	8	0.468750000	30	-60	-84.000000000
0.800000000	-84.000000000	8	0.468750000	30	-60	-84.000000000
0.800000000	-84.000000000	8	0.468750000	30	-60	-84.000000000
0.810000000	-84.300000000	8	0.468750000	30	-60	-84.300000000
0.820000000	-84.600000000	8	0.468750000	30	-60	-84.600000000
0.830000000	-84.900000000	8	0.468750000	30	-60	-84.900000000
0.833333333	-85.000000000	8	0.468750000	30	-60	-85.000000000
0.840000000	-85.200000000	8	0.468750000	30	-60	-85.200000000
0.850000000	-85.500000000	8	0.468750000	30	-60	-85.500000000
0.857142857	-85.714285714	8	0.468750000	30	-60	-85.714285714
0.860000000	-85.800000000	8	0.468750000	30	-60	-85.800000000
0.870000000	-86.100000000	8	0.468750000	30	-60	-86.100000000
0.875000000	-86.250000000	8	0.468750000	30	-60	-86.250000000
0.880000000	-86.400000000	8	0.468750000	30	-60	-86.400000000
0.888888889	-86.666666667	8	0.468750000	30	-60	-86.666666667
0.890000000	-86.700000000	8	0.468750000	30	-60	-86.700000000
0.900000000	-87.000000000	8	0.468750000	30	-60	-87.000000000
0.900000000	-87.000000000	8	0.468750000	30	-60	-87.000000000
0.910000000	-87.300000000	8	0.468750000	30	-60	-87.300000000
0.920000000	-87.600000000	8	0.468750000	30	-60	-87.600000000
0.930000000	-87.900000000	8	0.468750000	30	-60	-87.900000000
0.940000000	-88.200000000	8	0.468750000	30	-60	-88.200000000
0.950000000	-88.500000000	8	0.468750000	30	-60	-88.500000000
0.960000000	-88.800000000	8	0.468750000	30	-60	-88.800000000
0.970000000	-89.100000000	8	0.468750000	30	-60	-89.100000000
0.980000000	-89.400000000	8	0.468750000	30	-60	-89.400000000
0.990000000	-89.700000000	8	0.468750000	30	-60	-89.700000000
1.000000000	-90.000000000	8	0.468750000	30	-60	-90.000000000
1.000000000	-90.000000000	70	0.500000000	32	-58	-90.000000000
1.000000000	-90.000000000	272	0.531250000	34	-56	-90.000000000
1.000000000	-90.000000000	616	0.562500000	36	-54	-90.000000000
1.000000000	-90.000000000	720	0.593750000	38	-52	-90.000000000
1.000000000	-90.000000000	544	0.625000000	40	-50	-90.000000000
1.000000000	-90.000000000	192	0.656250000	42	-48	-90.000000000
1.010000000	-90.420000000	192	0.656250000	42	-48	-90.420000000
1.020000000	-90.840000000	192	0.656250000	42	-48	-90.840000000
1.030000000	-91.260000000	192	0.656250000	42	-48	-91.260000000
1.040000000	-91.680000000	192	0.656250000	42	-48	-91.680000000
1.050000000	-92.100000000	192	0.656250000	42	-48	-92.100000000
1.060000000	-92.520000000	192	0.656250000	42	-48	-92.520000000
1.070000000	-92.940000000	192	0.656250000	42	-48	-92.940000000
1.080000000	-93.360000000	192	0.656250000	42	-48	-93.360000000
1.090000000	-93.780000000	192	0.656250000	42	-48	-93.780000000
1.100000000	-94.200000000	192	0.656250000	42	-48	-94.200000000
1.110000000	-94.620000000	192	0.656250000	42	-48	-94.620000000
1.120000000	-95.040000000	192	0.656250000	42	-48	-95.040000000
1.125000000	-95.250000000	192	0.656250000	42	-48	-95.250000000
1.130000000	-95.460000000	192	0.656250000	42	-48	-95.460000000
1.140000000	-95.880000000	192	0.656250000	42	-48	-95.880000000
1.142857143	-96.000000000	192	0.656250000	42	-48	-96.000000000
1.150000000	-96.300000000	192	0.656250000	42	-48	-96.300000000
1.160000000	-96.720000000	192	0.656250000	42	-48	-96.720000000
1.166666667	-97.000000000	192	0.656250000	42	-48	-97.000000000
1.170000000	-97.140000000	192	0.656250000	42	-48	-97.140000000
1.180000000	-97.560000000	192	0.656250000	42	-48	-97.560000000
1.190000000	-97.980000000	192	0.656250000	42	-48	-97.980000000
1.200000000	-98.400000000	192	0.656250000	42	-48	-98.400000000
1.200000000	-98.400000000	192	0.656250000	42	-48	-98.400000000
1.210000000	-98.820000000	192	0.656250000	42	-48	-98.820000000
1.220000000	-99.240000000	192	0.656250000	42	-48	-99.240000000
1.230000000	-99.660000000	192	0.656250000	42	-48	-99.660000000
1.240000000	-100.080000000	192	0.656250000	42	-48	-100.080000000
1.250000000	-100.500000000	192	0.656250000	42	-48	-100.500000000
1.250000000	-100.500000000	192	0.656250000	42	-48	-100.500000000
1.260000000	-100.920000000	192	0.656250000	42	-48	-100.920000000
1.270000000	-101.340000000	192	0.656250000	42	-48	-101.340000000
1.280000000	-101.760000000	192	0.656250000	42	-48	-101.760000000
1.285714286	-102.000000000	192	0.656250000	42	-48	-102.000000000
1.290000000	-102.180000000	192	0.656250000	42	-48	-102.180000000
1.300000000	-102.600000000	192	0.656250000	42	-48	-102.600000000
1.310000000	-103.020000000	192	0.656250000	42	-48	-103.020000000
1.320000000	-103.440000000	192	0.656250000	42	-48	-103.440000000
1.330000000	-103.860000000	192	0.656250000	42	-48	-103.860000000
1.333333333	-104.000000000	192	0.656250000	42	-48	-104.000000000
1.333333333	-104.000000000	192	0.656250000	42	-48	-104.000000000
1.340000000	-104.280000000	192	0.656250000	42	-48	-104.280000000
1.350000000	-104.700000000	192	0.656250000	42	-48	-104.700000000
1.360000000	-105.120000000	192	0.656250000	42	-48	-105.120000000
1.370000000	-105.540000000	192	0.656250000	42	-48	-105.540000000
1.380000000	-105.960000000	192	0.656250000	42	-48	-105.960000000
1.390000000	-106.380000000	192	0.656250000	42	-48	-106.380000000
1.400000000	-106.800000000	192	0.656250000	42	-48	-106.800000000
1.400000000	-106.800000000	192	0.656250000	42	-48	-106.800000000
1.410000000	-107.220000000	192	0.656250000	42	-48	-107.220000000
1.420000000	-107.640000000	192	0.656250000	42	-48	-107.640000000
1.430000000	-108.060000000	192	0.656250000	42	-48	-108.060000000
1.440000000	-108.480000000	192	0.656250000	42	-48	-108.480000000
1.450000000	-108.900000000	192	0.656250000	42	-48	-108.900000000
1.460000000	-109.320000000	192	0.656250000	42	-48	-109.320000000
1.470000000	-109.740000000	192	0.656250000	42	-48	-109.740000000
1.480000000	-110.160000000	192	0.656250000	42	-48	-110.160000000
1.490000000	-110.580000000	192	0.656250000	42	-48	-110.580000000
1.500000000	-111.000000000	192	0.656250000	42	-48	-111.000000000
1.500000000	-111.000000000	192	0.656250000	42	-48	-111.000000000
1.500000000	-111.000000000	192	0.656250000	42	-48	-111.000000000
1.500000000	-111.000000000	192	0.656250000	42	-48	-111.000000000
1.510000000	-111.420000000	192	0.656250000	42	-48	-111.420000000
1.520000000	-111.840000000	192	0.656250000	42	-48	-111.840000000
1.530000000	-112.260000000	192	0.656250000	42	-48	-112.260000000
1.540000000	-112.680000000	192	0.656250000	42	-48	-112.680000000
1.550000000	-113.100000000	192	0.656250000	42	-48	-113.100000000
1.560000000	-113.520000000	192	0.656250000	42	-48	-113.520000000
1.570000000	-113.940000000	192	0.656250000	42	-48	-113.940000000
1.580000000	-114.360000000	192	0.656250000	42	-48	-114.360000000
1.590000000	-114.780000000	192	0.656250000	42	-48	-114.780000000
1.600000000	-115.200000000	192	0.656250000	42	-48	-115.200000000
1.600000000	-115.200000000	192	0.656250000	42	-48	-115.200000000
1.610000000	-115.620000000	192	0.656250000	42	-48	-115.620000000
1.620000000	-116.040000000	192	0.656250000	42	-48	-116.040000000
1.630000000	-116.460000000	192	0.656250000	42	-48	-116.460000000
1.640000000	-116.880000000	192	0.656250000	42	-48	-116.880000000
1.650000000	-117.300000000	192	0.656250000	42	-48	-117.300000000
1.660000000	-117.720000000	192	0.656250000	42	-48	-117.720000000
1.666666667	-118.000000000	192	0.656250000	42	-48	-118.000000000
1.670000000	-118.140000000	192	0.656250000	42	-48	-118.140000000
1.680000000	-118.560000000	192	0.656250000	42	-48	-118.560000000
1.690000000	-118.980000000	192	0.656250000	42	-48	-118.980000000
1.700000000	-119.400000000	192	0.656250000	42	-48	-119.400000000
1.710000000	-119.820000000	192	0.656250000	42	-48	-119.820000000
1.720000000	-120.240000000	192	0.656250000	42	-48	-120.240000000
1.730000000	-120.660000000	192	0.656250000	42	-48	-120.660000000
1.740000000	-121.080000000	192	0.656250000	42	-48	-121.080000000
1.750000000	-121.500000000	192	0.656250000	42	-48	-121.500000000
1.750000000	-121.500000000	192	0.656250000	42	-48	-121.500000000
1.760000000	-121.920000000	192	0.656250000	42	-48	-121.920000000
1.770000000	-122.340000000	192	0.656250000	42	-48	-122.340000000
1.780000000	-122.760000000	192	0.656250000	42	-48	-122.760000000
1.790000000	-123.180000000	192	0.656250000	42	-48	-123.180000000
1.800000000	-123.600000000	192	0.656250000	42	-48	-123.600000000
1.800000000	-123.600000000	192	0.656250000	42	-48	-123.600000000
1.810000000	-124.020000000	192	0.656250000	42	-48	-124.020000000
1.820000000	-124.440000000	192	0.656250000	42	-48	-124.440000000
1.830000000	-124.860000000	192	0.656250000	42	-48	-124.860000000
1.840000000	-125.280000000	192	0.656250000	42	-48	-125.280000000
1.850000000	-125.700000000	192	0.656250000	42	-48	-125.700000000
1.860000000	-126.120000000	192	0.656250000	42	-48	-126.120000000
1.870000000	-126.540000000	192	0.656250000	42	-48	-126.540000000
1.880000000	-126.960000000	192	0.656250000	42	-48	-126.960000000
1.890000000	-127.380000000	192	0.656250000	42	-48	-127.380000000
1.900000000	-127.800000000	192	0.656250000	42	-48	-127.800000000
1.910000000	-128.220000000	192	0.656250000	42	-48	-128.220000000
1.920000000	-128.640000000	192	0.656250000	42	-48	-128.640000000
1.930000000	-129.060000000	192	0.656250000	42	-48	-129.060000000
1.940000000	-129.480000000	192	0.656250000	42	-48	-129.480000000
1.950000000	-129.900000000	192	0.656250000	42	-48	-129.900000000
1.960000000	-130.320000000	192	0.656250000	42	-48	-130.320000000
1.970000000	-130.740000000	192	0.656250000	42	-48	-130.740000000
1.980000000	-131.160000000	192	0.656250000	42	-48	-131.160000000
1.990000000	-131.580000000	192	0.656250000	42	-48	-131.580000000
2.000000000	-132.000000000	192	0.656250000	42	-48	-132.000000000
2.000000000	-132.000000000	1440	0.687500000	44	-44	-132.000000000
2.000000000	-132.000000000	4464	0.718750000	46	-40	-132.000000000
2.000000000	-132.000000000	7464	0.750000000	48	-36	-132.000000000
2.000000000	-132.000000000	7416	0.781250000	50	-32	-132.000000000
2.000000000	-132.000000000	4572	0.812500000	52	-28	-132.000000000
2.000000000	-132.000000000	1764	0.843750000	54	-24	-132.000000000
2.000000000	-132.000000000	414	0.875000000	56	-20	-132.000000000
2.000000000	-132.000000000	54	0.906250000	58	-16	-132.000000000
2.000000000	-132.000000000	3	0.937500000	60	-12	-132.000000000
2.000000000	-132.000000000	192	0.656250000	42	-48	-132.000000000
2.000000000	-132.000000000	1440	0.687500000	44	-44	-132.000000000
2.000000000	-132.000000000	4464	0.718750000	46	-40	-132.000000000
2.000000000	-132.000000000	7464	0.750000000	48	-36	-132.000000000
2.000000000	-132.000000000	7416	0.781250000	50	-32	-132.000000000
2.000000000	-132.000000000	4572	0.812500000	52	-28	-132.000000000
2.000000000	-132.000000000	1764	0.843750000	54	-24	-132.000000000
2.000000000	-132.000000000	414	0.875000000	56	-20	-132.000000000
2.000000000	-132.000000000	54	0.906250000	58	-16	-132.000000000
2.000000000	-132.000000000	3	0.937500000	60	-12	-132.000000000
2.000000000	-132.000000000	192	0.656250000	42	-48	-132.000000000
2.000000000	-132.000000000	1440	0.687500000	44	-44	-132.000000000
2.000000000	-132.000000000	4464	0.718750000	46	-40	-132.000000000
2.000000000	-132.000000000	7464	0.750000000	48	-36	-132.000000000
2.000000000	-132.000000000	7416	0.781250000	50	-32	-132.000000000
2.000000000	-132.000000000	4572	0.812500000	52	-28	-132.000000000
2.000000000	-132.000000000	1764	0.843750000	54	-24	-132.000000000
2.000000000	-132.000000000	414	0.875000000	56	-20	-132.000000000
2.000000000	-132.000000000	54	0.906250000	58	-16	-132.000000000
2.000000000	-132.000000000	3	0.937500000	60	-12	-132.000000000
2.000000000	-132.000000000	192	0.656250000	42	-48	-132.000000000
2.000000000	-132.000000000	1440	0.687500000	44	-44	-132.000000000
2.000000000	-132.000000000	4464	0.718750000	46	-40	-132.000000000
2.000000000	-132.000000000	7464	0.750000000	48	-36	-132.000000000
2.000000000	-132.000000000	7416	0.781250000	50	-32	-132.000000000
2.000000000	-132.000000000	4572	0.812500000	52	-28	-132.000000000
2.000000000	-132.000000000	1764	0.843750000	54	-24	-132.000000000
2.000000000	-132.000000000	414	0.875000000	56	-20	-132.000000000
2.000000000	-132.000000000	54	0.906250000	58	-16	-132.000000000
2.000000000	-132.000000000	3	0.937500000	60	-12	-132.000000000
2.010000000	-132.600000000	3	0.937500000	60	-12	-132.600000000
2.020000000	-133.200000000	3	0.937500000	60	-12	-133.200000000
2.030000000	-133.800000000	3	0.937500000	60	-12	-133.800000000
2.040000000	-134.400000000	3	0.937500000	60	-12	-134.400000000
2.050000000	-135.000000000	3	0.937500000	60	-12	-135.000000000
2.060000000	-135.600000000	3	0.937500000	60	-12	-135.600000000
2.070000000	-136.200000000	3	0.937500000	60	-12	-136.200000000
2.080000000	-136.800000000	3	0.937500000	60	-12	-136.800000000
2.090000000	-137.400000000	3	0.937500000	60	-12	-137.400000000
2.100000000	-138.000000000	3	0.937500000	60	-12	-138.000000000
2.110000000	-138.600000000	3	0.937500000	60	-12	-138.600000000
2.120000000	-139.200000000	3	0.937500000	60	-12	-139.200000000
2.130000000	-139.800000000	3	0.937500000	60	-12	-139.800000000
2.140000000	-140.400000000	3	0.937500000	60	-12	-140.400000000
2.150000000	-141.000000000	3	0.937500000	60	-12	-141.000000000
2.160000000	-141.600000000	3	0.937500000	60	-12	-141.600000000
2.170000000	-142.200000000	3	0.937500000	60	-12	-142.200000000
2.180000000	-142.800000000	3	0.937500000	60	-12	-142.800000000
2.190000000	-143.400000000	3	0.937500000	60	-12	-143.400000000
2.200000000	-144.000000000	3	0.937500000	60	-12	-144.000000000
2.210000000	-144.600000000	3	0.937500000	60	-12	-144.600000000
2.220000000	-145.200000000	3	0.937500000	60	-12	-145.200000000
2.230000000	-145.800000000	3	0.937500000	60	-12	-145.800000000
2.240000000	-146.400000000	3	0.937500000	60	-12	-146.400000000
2.250000000	-147.000000000	3	0.937500000	60	-12	-147.000000000
2.250000000	-147.000000000	3	0.937500000	60	-12	-147.000000000
2.260000000	-147.600000000	3	0.937500000	60	-12	-147.600000000
2.270000000	-148.200000000	3	0.937500000	60	-12	-148.200000000
2.280000000	-148.800000000	3	0.937500000	60	-12	-148.800000000
2.290000000	-149.400000000	3	0.937500000	60	-12	-149.400000000
2.300000000	-150.000000000	3	0.937500000	60	-12	-150.000000000
2.310000000	-150.600000000	3	0.937500000	60	-12	-150.600000000
2.320000000	-151.200000000	3	0.937500000	60	-12	-151.200000000
2.330000000	-151.800000000	3	0.937500000	60	-12	-151.800000000
2.333333333	-152.000000000	3	0.937500000	60	-12	-152.000000000
2.340000000	-152.400000000	3	0.937500000	60	-12	-152.400000000
2.350000000	-153.000000000	3	0.937500000	60	-12	-153.000000000
2.360000000	-153.600000000	3	0.937500000	60	-12	-153.600000000
2.370000000	-154.200000000	3	0.937500000	60	-12	-154.200000000
2.380000000	-154.800000000	3	0.937500000	60	-12	-154.800000000
2.390000000	-155.400000000	3	0.937500000	60	-12	-155.400000000
2.400000000	-156.000000000	3	0.937500000	60	-12	-156.000000000
2.410000000	-156.600000000	3	0.937500000	60	-12	-156.600000000
2.420000000	-157.200000000	3	0.937500000	60	-12	-157.200000000
2.430000000	-157.800000000	3	0.937500000	60	-12	-157.800000000
2.440000000	-158.400000000	3	0.937500000	60	-12	-158.400000000
2.450000000	-159.000000000	3	0.937500000	60	-12	-159.000000000
2.460000000	-159.600000000	3	0.937500000	60	-12	-159.600000000
2.470000000	-160.200000000	3	0.937500000	60	-12	-160.200000000
2.480000000	-160.800000000	3	0.937500000	60	-12	-160.800000000
2.490000000	-161.400000000	3	0.937500000	60	-12	-161.400000000
2.500000000	-162.000000000	3	0.937500000	60	-12	-162.000000000
2.500000000	-162.000000000	3	0.937500000	60	-12	-162.000000000
2.510000000	-162.600000000	3	0.937500000	60	-12	-162.600000000
2.520000000	-163.200000000	3	0.937500000	60	-12	-163.200000000
2.530000000	-163.800000000	3	0.937500000	60	-12	-163.800000000
2.540000000	-164.400000000	3	0.937500000	60	-12	-164.400000000
2.550000000	-165.000000000	3	0.937500000	60	-12	-165.000000000
2.560000000	-165.600000000	3	0.937500000	60	-12	-165.600000000
2.570000000	-166.200000000	3	0.937500000	60	-12	-166.200000000
2.580000000	-166.800000000	3	0.937500000	60	-12	-166.800000000
2.590000000	-167.400000000	3	0.937500000	60	-12	-167.400000000
2.600000000	-168.000000000	3	0.937500000	60	-12	-168.000000000
2.610000000	-168.600000000	3	0.937500000	60	-12	-168.600000000
2.620000000	-169.200000000	3	0.937500000	60	-12	-169.200000000
2.630000000	-169.800000000	3	0.937500000	60	-12	-169.800000000
2.640000000	-170.400000000	3	0.937500000	60	-12	-170.400000000
2.650000000	-171.000000000	3	0.937500000	60	-12	-171.000000000
2.660000000	-171.600000000	3	0.937500000	60	-12	-171.600000000
2.666666667	-172.000000000	3	0.937500000	60	-12	-172.000000000
2.670000000	-172.200000000	3	0.937500000	60	-12	-172.200000000
2.680000000	-172.800000000	3	0.937500000	60	-12	-172.800000000
2.690000000	-173.400000000	3	0.937500000	60	-12	-173.400000000
2.700000000	-174.000000000	3	0.937500000	60	-12	-174.000000000
2.710000000	-174.600000000	3	0.937500000	60	-12	-174.600000000
2.720000000	-175.200000000	3	0.937500000	60	-12	-175.200000000
2.730000000	-175.800000000	3	0.937500000	60	-12	-175.800000000
2.740000000	-176.400000000	3	0.937500000	60	-12	-176.400000000
2.750000000	-177.000000000	3	0.937500000	60	-12	-177.000000000
2.760000000	-177.600000000	3	0.937500000	60	-12	-177.600000000
2.770000000	-178.200000000	3	0.937500000	60	-12	-178.200000000
2.780000000	-178.800000000	3	0.937500000	60	-12	-178.800000000
2.790000000	-179.400000000	3	0.937500000	60	-12	-179.400000000
2.800000000	-180.000000000	3	0.937500000	60	-12	-180.000000000
2.810000000	-180.600000000	3	0.937500000	60	-12	-180.600000000
2.820000000	-181.200000000	3	0.937500000	60	-12	-181.200000000
2.830000000	-181.800000000	3	0.937500000	60	-12	-181.800000000
2.840000000	-182.400000000	3	0.937500000	60	-12	-182.400000000
2.850000000	-183.000000000	3	0.937500000	60	-12	-183.000000000
2.860000000	-183.600000000	3	0.937500000	60	-12	-183.600000000
2.870000000	-184.200000000	3	0.937500000	60	-12	-184.200000000
2.880000000	-184.800000000	3	0.937500000	60	-12	-184.800000000
2.890000000	-185.400000000	3	0.937500000	60	-12	-185.400000000
2.900000000	-186.000000000	3	0.937500000	60	-12	-186.000000000
2.910000000	-186.600000000	3	0.937500000	60	-12	-186.600000000
2.920000000	-187.200000000	3	0.937500000	60	-12	-187.200000000
2.930000000	-187.800000000	3	0.937500000	60	-12	-187.800000000
2.940000000	-188.400000000	3	0.937500000	60	-12	-188.400000000
2.950000000	-189.000000000	3	0.937500000	60	-12	-189.000000000
2.960000000	-189.600000000	3	0.937500000	60	-12	-189.600000000
2.970000000	-190.200000000	3	0.937500000	60	-12	-190.200000000
2.980000000	-190.800000000	3	0.937500000	60	-12	-190.800000000
2.990000000	-191.400000000	3	0.937500000	60	-12	-191.400000000
3.000000000	-192.000000000	3	0.937500000	60	-12	-192.000000000
3.000000000	-192.000000000	4	0.968750000	62	-6	-192.000000000
3.000000000	-192.000000000	1	1.000000000	64	0	-192.000000000
3.000000000	-192.000000000	3	0.937500000	60	-12	-192.000000000
3.000000000	-192.000000000	4	0.968750000	62	-6	-192.000000000
3.000000000	-192.000000000	1	1.000000000	64	0	-192.000000000
3.000000000	-192.000000000	3	0.937500000	60	-12	-192.000000000
3.000000000	-192.000000000	4	0.968750000	62	-6	-192.000000000
3.000000000	-192.000000000	1	1.000000000	64	0	-192.000000000
3.010000000	-192.640000000	1	1.000000000	64	0	-192.640000000
3.020000000	-193.280000000	1	1.000000000	64	0	-193.280000000
3.030000000	-193.920000000	1	1.000000000	64	0	-193.920000000
3.040000000	-194.560000000	1	1.000000000	64	0	-194.560000000
3.050000000	-195.200000000	1	1.000000000	64	0	-195.200000000
3.060000000	-195.840000000	1	1.000000000	64	0	-195.840000000
3.070000000	-196.480000000	1	1.000000000	64	0	-196.480000000
3.080000000	-197.120000000	1	1.000000000	64	0	-197.120000000
3.090000000	-197.760000000	1	1.000000000	64	0	-197.760000000
3.100000000	-198.400000000	1	1.000000000	64	0	-198.400000000
3.110000000	-199.040000000	1	1.000000000	64	0	-199.040000000
3.120000000	-199.680000000	1	1.000000000	64	0	-199.680000000
3.130000000	-200.320000000	1	1.000000000	64	0	-200.320000000
3.140000000	-200.960000000	1	1.000000000	64	0	-200.960000000
3.150000000	-201.600000000	1	1.000000000	64	0	-201.600000000
3.160000000	-202.240000000	1	1.000000000	64	0	-202.240000000
3.170000000	-202.880000000	1	1.000000000	64	0	-202.880000000
3.180000000	-203.520000000	1	1.000000000	64	0	-203.520000000
3.190000000	-204.160000000	1	1.000000000	64	0	-204.160000000
3.200000000	-204.800000000	1	1.000000000	64	0	-204.800000000
3.210000000	-205.440000000	1	1.000000000	64	0	-205.440000000
3.220000000	-206.080000000	1	1.000000000	64	0	-206.080000000
3.230000000	-206.720000000	1	1.000000000	64	0	-206.720000000
3.240000000	-207.360000000	1	1.000000000	64	0	-207.360000000
3.250000000	-208.000000000	1	1.000000000	64	0	-208.000000000
3.260000000	-208.640000000	1	1.000000000	64	0	-208.640000000
3.270000000	-209.280000000	1	1.000000000	64	0	-209.280000000
3.280000000	-209.920000000	1	1.000000000	64	0	-209.920000000
3.290000000	-210.560000000	1	1.000000000	64	0	-210.560000000
3.300000000	-211.200000000	1	1.000000000	64	0	-211.200000000
3.310000000	-211.840000000	1	1.000000000	64	0	-211.840000000
3.320000000	-212.480000000	1	1.000000000	64	0	-212.480000000
3.330000000	-213.120000000	1	1.000000000	64	0	-213.120000000
3.340000000	-213.760000000	1	1.000000000	64	0	-213.760000000
3.350000000	-214.400000000	1	1.000000000	64	0	-214.400000000
3.360000000	-215.040000000	1	1.000000000	64	0	-215.040000000
3.370000000	-215.680000000	1	1.000000000	64	0	-215.680000000
3.380000000	-216.320000000	1	1.000000000	64	0	-216.320000000
3.390000000	-216.960000000	1	1.000000000	64	0	-216.960000000
3.400000000	-217.600000000	1	1.000000000	64	0	-217.600000000
3.410000000	-218.240000000	1	1.000000000	64	0	-218.240000000
3.420000000	-218.880000000	1	1.000000000	64	0	-218.880000000
3.430000000	-219.520000000	1	1.000000000	64	0	-219.520000000
3.440000000	-220.160000000	1	1.000000000	64	0	-220.160000000
3.450000000	-220.800000000	1	1.000000000	64	0	-220.800000000
3.460000000	-221.440000000	1	1.000000000	64	0	-221.440000000
3.470000000	-222.080000000	1	1.000000000	64	0	-222.080000000
3.480000000	-222.720000000	1	1.000000000	64	0	-222.720000000
3.490000000	-223.360000000	1	1.000000000	64	0	-223.360000000
3.500000000	-224.000000000	1	1.000000000	64	0	-224.000000000
3.500000000	-224.000000000	1	1.000000000	64	0	-224.000000000
3.510000000	-224.640000000	1	1.000000000	64	0	-224.640000000
3.520000000	-225.280000000	1	1.000000000	64	0	-225.280000000
3.530000000	-225.920000000	1	1.000000000	64	0	-225.920000000
3.540000000	-226.560000000	1	1.000000000	64	0	-226.560000000
3.550000000	-227.200000000	1	1.000000000	64	0	-227.200000000
3.560000000	-227.840000000	1	1.000000000	64	0	-227.840000000
3.570000000	-228.480000000	1	1.000000000	64	0	-228.480000000
3.580000000	-229.120000000	1	1.000000000	64	0	-229.120000000
3.590000000	-229.760000000	1	1.000000000	64	0	-229.760000000
3.600000000	-230.400000000	1	1.000000000	64	0	-230.400000000
3.610000000	-231.040000000	1	1.000000000	64	0	-231.040000000
3.620000000	-231.680000000	1	1.000000000	64	0	-231.680000000
3.630000000	-232.320000000	1	1.000000000	64	0	-232.320000000
3.640000000	-232.960000000	1	1.000000000	64	0	-232.960000000
3.650000000	-233.600000000	1	1.000000000	64	0	-233.600000000
3.660000000	-234.240000000	1	1.000000000	64	0	-234.240000000
3.670000000	-234.880000000	1	1.000000000	64	0	-234.880000000
3.680000000	-235.520000000	1	1.000000000	64	0	-235.520000000
3.690000000	-236.160000000	1	1.000000000	64	0	-236.160000000
3.700000000	-236.800000000	1	1.000000000	64	0	-236.800000000
3.710000000	-237.440000000	1	1.000000000	64	0	-237.440000000
3.720000000	-238.080000000	1	1.000000000	64	0	-238.080000000
3.730000000	-238.720000000	1	1.000000000	64	0	-238.720000000
3.740000000	-239.360000000	1	1.000000000	64	0	-239.360000000
3.750000000	-240.000000000	1	1.000000000	64	0	-240.000000000
3.760000000	-240.640000000	1	1.000000000	64	0	-240.640000000
3.770000000	-241.280000000	1	1.000000000	64	0	-241.280000000
3.780000000	-241.920000000	1	1.000000000	64	0	-241.920000000
3.790000000	-242.560000000	1	1.000000000	64	0	-242.560000000
3.800000000	-243.200000000	1	1.000000000	64	0	-243.200000000
3.810000000	-243.840000000	1	1.000000000	64	0	-243.840000000
3.820000000	-244.480000000	1	1.000000000	64	0	-244.480000000
3.830000000	-245.120000000	1	1.000000000	64	0	-245.120000000
3.840000000	-245.760000000	1	1.000000000	64	0	-245.760000000
3.850000000	-246.400000000	1	1.000000000	64	0	-246.400000000
3.860000000	-247.040000000	1	1.000000000	64	0	-247.040000000
3.870000000	-247.680000000	1	1.000000000	64	0	-247.680000000
3.880000000	-248.320000000	1	1.000000000	64	0	-248.320000000
3.890000000	-248.960000000	1	1.000000000	64	0	-248.960000000
3.900000000	-249.600000000	1	1.000000000	64	0	-249.600000000
3.910000000	-250.240000000	1	1.000000000	64	0	-250.240000000
3.920000000	-250.880000000	1	1.000000000	64	0	-250.880000000
3.930000000	-251.520000000	1	1.000000000	64	0	-251.520000000
3.940000000	-252.160000000	1	1.000000000	64	0	-252.160000000
3.950000000	-252.800000000	1	1.000000000	64	0	-252.800000000
3.960000000	-253.440000000	1	1.000000000	64	0	-253.440000000
3.970000000	-254.080000000	1	1.000000000	64	0	-254.080000000
3.980000000	-254.720000000	1	1.000000000	64	0	-254.720000000
3.990000000	-255.360000000	1	1.000000000	64	0	-255.360000000
4.000000000	-256.000000000	1	1.000000000	64	0	-256.000000000
4.000000000	-256.000000000	1	1.000000000	64	0	-256.000000000
4.010000000	-256.640000000	1	1.000000000	64	0	-256.640000000
4.020000000	-257.280000000	1	1.000000000	64	0	-257.280000000
4.030000000	-257.920000000	1	1.000000000	64	0	-257.920000000
4.040000000	-258.560000000	1	1.000000000	64	0	-258.560000000
4.050000000	-259.200000000	1	1.000000000	64	0	-259.200000000
4.060000000	-259.840000000	1	1.000000000	64	0	-259.840000000
4.070000000	-260.480000000	1	1.000000000	64	0	-260.480000000
4.080000000	-261.120000000	1	1.000000000	64	0	-261.120000000
4.090000000	-261.760000000	1	1.000000000	64	0	-261.760000000
4.100000000	-262.400000000	1	1.000000000	64	0	-262.400000000
4.110000000	-263.040000000	1	1.000000000	64	0	-263.040000000
4.120000000	-263.680000000	1	1.000000000	64	0	-263.680000000
4.130000000	-264.320000000	1	1.000000000	64	0	-264.320000000
4.140000000	-264.960000000	1	1.000000000	64	0	-264.960000000
4.150000000	-265.600000000	1	1.000000000	64	0	-265.600000000
4.160000000	-266.240000000	1	1.000000000	64	0	-266.240000000
4.170000000	-266.880000000	1	1.000000000	64	0	-266.880000000
4.180000000	-267.520000000	1	1.000000000	64	0	-267.520000000
4.190000000	-268.160000000	1	1.000000000	64	0	-268.160000000
4.200000000	-268.800000000	1	1.000000000	64	0	-268.800000000
4.210000000	-269.440000000	1	1.000000000	64	0	-269.440000000
4.220000000	-270.080000000	1	1.000000000	64	0	-270.080000000
4.230000000	-270.720000000	1	1.000000000	64	0	-270.720000000
4.240000000	-271.360000000	1	1.000000000	64	0	-271.360000000
4.250000000	-272.000000000	1	1.000000000	64	0	-272.000000000
4.260000000	-272.640000000	1	1.000000000	64	0	-272.640000000
4.270000000	-273.280000000	1	1.000000000	64	0	-273.280000000
4.280000000	-273.920000000	1	1.000000000	64	0	-273.920000000
4.290000000	-274.560000000	1	1.000000000	64	0	-274.560000000
4.300000000	-275.200000000	1	1.000000000	64	0	-275.200000000
4.310000000	-275.840000000	1	1.000000000	64	0	-275.840000000
4.320000000	-276.480000000	1	1.000000000	64	0	-276.480000000
4.330000000	-277.120000000	1	1.000000000	64	0	-277.120000000
4.340000000	-277.760000000	1	1.000000000	64	0	-277.760000000
4.350000000	-278.400000000	1	1.000000000	64	0	-278.400000000
4.360000000	-279.040000000	1	1.000000000	64	0	-279.040000000
4.370000000	-279.680000000	1	1.000000000	64	0	-279.680000000
4.380000000	-280.320000000	1	1.000000000	64	0	-280.320000000
4.390000000	-280.960000000	1	1.000000000	64	0	-280.960000000
4.400000000	-281.600000000	1	1.000000000	64	0	-281.600000000
4.410000000	-282.240000000	1	1.000000000	64	0	-282.240000000
4.420000000	-282.880000000	1	1.000000000	64	0	-282.880000000
4.430000000	-283.520000000	1	1.000000000	64	0	-283.520000000
4.440000000	-284.160000000	1	1.000000000	64	0	-284.160000000
4.450000000	-284.800000000	1	1.000000000	64	0	-284.800000000
4.460000000	-285.440000000	1	1.000000000	64	0	-285.440000000
4.470000000	-286.080000000	1	1.000000000	64	0	-286.080000000
4.480000000	-286.720000000	1	1.000000000	64	0	-286.720000000
4.490000000	-287.360000000	1	1.000000000	64	0	-287.360000000
4.500000000	-288.000000000	1	1.000000000	64	0	-288.000000000
4.500000000	-288.000000000	1	1.000000000	64	0	-288.000000000
4.510000000	-288.640000000	1	1.000000000	64	0	-288.640000000
4.520000000	-289.280000000	1	1.000000000	64	0	-289.280000000
4.530000000	-289.920000000	1	1.000000000	64	0	-289.920000000
4.540000000	-290.560000000	1	1.000000000	64	0	-290.560000000
4.550000000	-291.200000000	1	1.000000000	64	0	-291.200000000
4.560000000	-291.840000000	1	1.000000000	64	0	-291.840000000
4.570000000	-292.480000000	1	1.000000000	64	0	-292.480000000
4.580000000	-293.120000000	1	1.000000000	64	0	-293.120000000
4.590000000	-293.760000000	1	1.000000000	64	0	-293.760000000
4.600000000	-294.400000000	1	1.000000000	64	0	-294.400000000
4.610000000	-295.040000000	1	1.000000000	64	0	-295.040000000
4.620000000	-295.680000000	1	1.000000000	64	0	-295.680000000
4.630000000	-296.320000000	1	1.000000000	64	0	-296.320000000
4.640000000	-296.960000000	1	1.000000000	64	0	-296.960000000
4.650000000	-297.600000000	1	1.000000000	64	0	-297.600000000
4.660000000	-298.240000000	1	1.000000000	64	0	-298.240000000
4.670000000	-298.880000000	1	1.000000000	64	0	-298.880000000
4.680000000	-299.520000000	1	1.000000000	64	0	-299.520000000
4.690000000	-300.160000000	1	1.000000000	64	0	-300.160000000
4.700000000	-300.800000000	1	1.000000000	64	0	-300.800000000
4.710000000	-301.440000000	1	1.000000000	64	0	-301.440000000
4.720000000	-302.080000000	1	1.000000000	64	0	-302.080000000
4.730000000	-302.720000000	1	1.000000000	64	0	-302.720000000
4.740000000	-303.360000000	1	1.000000000	64	0	-303.360000000
4.750000000	-304.000000000	1	1.000000000	64	0	-304.000000000
4.760000000	-304.640000000	1	1.000000000	64	0	-304.640000000
4.770000000	-305.280000000	1	1.000000000	64	0	-305.280000000
4.780000000	-305.920000000	1	1.000000000	64	0	-305.920000000
4.790000000	-306.560000000	1	1.000000000	64	0	-306.560000000
4.800000000	-307.200000000	1	1.000000000	64	0	-307.200000000
4.810000000	-307.840000000	1	1.000000000	64	0	-307.840000000
4.820000000	-308.480000000	1	1.000000000	64	0	-308.480000000
4.830000000	-309.120000000	1	1.000000000	64	0	-309.120000000
4.840000000	-309.760000000	1	1.000000000	64	0	-309.760000000
4.850000000	-310.400000000	1	1.000000000	64	0	-310.400000000
4.860000000	-311.040000000	1	1.000000000	64	0	-311.040000000
4.870000000	-311.680000000	1	1.000000000	64	0	-311.680000000
4.880000000	-312.320000000	1	1.000000000	64	0	-312.320000000
4.890000000	-312.960000000	1	1.000000000	64	0	-312.960000000
4.900000000	-313.600000000	1	1.000000000	64	0	-313.600000000
4.910000000	-314.240000000	1	1.000000000	64	0	-314.240000000
4.920000000	-314.880000000	1	1.000000000	64	0	-314.880000000
4.930000000	-315.520000000	1	1.000000000	64	0	-315.520000000
4.940000000	-316.160000000	1	1.000000000	64	0	-316.160000000
4.950000000	-316.800000000	1	1.000000000	64	0	-316.800000000
4.960000000	-317.440000000	1	1.000000000	64	0	-317.440000000
4.970000000	-318.080000000	1	1.000000000	64	0	-318.080000000
4.980000000	-318.720000000	1	1.000000000	64	0	-318.720000000
4.990000000	-319.360000000	1	1.000000000	64	0	-319.360000000
5.000000000	-320.000000000	1	1.000000000	64	0	-320.000000000
