#T	E/N	M/N	C/N	Xi/N
0.0001	-0.0151367	0.00114196	0	30.7749
0.0101	-0.0151367	0.00114196	0	0.304702
0.0201	-0.0151367	0.00114196	0	0.153109
0.0301	-0.0151367	0.00114196	0	0.102242
0.0401	-0.0151367	0.00114196	0	0.0767454
0.0501	-0.0151367	0.00114196	0	0.0614269
0.0601	-0.0151367	0.00114196	-2.15159e-013	0.0512061
0.0701	-0.0151367	0.00114196	1.53633e-012	0.0439014
0.0801	-0.0151367	0.00114196	4.69975e-011	0.0384206
0.0901	-0.0151367	0.00114196	5.94047e-010	0.0341564
0.1001	-0.0151367	0.00114196	4.42081e-009	0.0307441
0.1101	-0.0151367	0.00114196	2.24344e-008	0.0279518
0.1201	-0.0151367	0.00114196	8.55616e-008	0.0256244
0.1301	-0.0151367	0.00114196	2.62245e-007	0.0236548
0.1401	-0.0151367	0.00114196	6.77527e-007	0.0219665
0.1501	-0.0151367	0.00114197	1.52788e-006	0.0205031
0.1601	-0.0151367	0.00114197	3.08688e-006	0.0192227
0.1701	-0.0151366	0.00114199	5.69975e-006	0.0180931
0.1801	-0.0151366	0.00114201	9.76769e-006	0.0170892
0.1901	-0.0151364	0.00114204	1.57253e-005	0.0161915
0.2001	-0.0151362	0.00114209	2.40148e-005	0.015384
0.2101	-0.0151359	0.00114217	3.50613e-005	0.0146543
0.2201	-0.0151355	0.00114228	4.92513e-005	0.0139919
0.2301	-0.0151349	0.00114244	6.69162e-005	0.0133883
0.2401	-0.0151342	0.00114265	8.83219e-005	0.0128364
0.2501	-0.0151332	0.00114292	0.000113663	0.0123303
0.2601	-0.0151319	0.00114326	0.000143065	0.0118649
0.2701	-0.0151303	0.00114368	0.000176584	0.0114361
0.2801	-0.0151283	0.0011442	0.000214215	0.0110401
0.2901	-0.015126	0.00114483	0.000255901	0.0106738
0.3001	-0.0151232	0.00114557	0.000301538	0.0103343
0.3101	-0.01512	0.00114643	0.000350987	0.0100194
0.3201	-0.0151162	0.00114742	0.000404083	0.00972686
0.3301	-0.0151119	0.00114855	0.000460636	0.00945479
0.3401	-0.015107	0.00114983	0.000520444	0.00920152
0.3501	-0.0151014	0.00115126	0.000583296	0.00896552
0.3601	-0.0150953	0.00115284	0.000648977	0.00874544
0.3701	-0.0150885	0.00115459	0.000717266	0.00854003
0.3801	-0.0150809	0.00115649	0.000787947	0.00834817
0.3901	-0.0150727	0.00115856	0.000860802	0.00816883
0.4001	-0.0150637	0.0011608	0.000935619	0.00800106
0.4101	-0.015054	0.0011632	0.00101219	0.007844
0.4201	-0.0150435	0.00116576	0.0010903	0.00769683
0.4301	-0.0150322	0.00116848	0.00116974	0.00755881
0.4401	-0.0150201	0.00117135	0.00125033	0.00742926
0.4501	-0.0150071	0.00117438	0.00133185	0.00730754
0.4601	-0.0149934	0.00117756	0.00141412	0.00719305
0.4701	-0.0149789	0.00118087	0.00149693	0.00708524
0.4801	-0.0149635	0.00118433	0.0015801	0.00698359
0.4901	-0.0149473	0.00118791	0.00166344	0.00688763
0.5001	-0.0149302	0.00119161	0.00174676	0.00679691
0.5101	-0.0149123	0.00119543	0.00182988	0.006711
0.5201	-0.0148936	0.00119936	0.00191263	0.00662953
0.5301	-0.0148741	0.00120338	0.00199483	0.00655214
0.5401	-0.0148537	0.00120749	0.00207632	0.00647848
0.5501	-0.0148326	0.00121168	0.00215693	0.00640826
0.5601	-0.0148106	0.00121594	0.00223652	0.00634118
0.5701	-0.0147878	0.00122026	0.00231493	0.00627697
0.5801	-0.0147643	0.00122464	0.00239203	0.00621539
0.5901	-0.01474	0.00122906	0.0024677	0.00615622
0.6001	-0.0147149	0.00123352	0.0025418	0.00609925
0.6101	-0.0146892	0.001238	0.00261424	0.00604429
0.6201	-0.0146627	0.00124251	0.00268492	0.00599116
0.6301	-0.0146355	0.00124702	0.00275374	0.00593971
0.6401	-0.0146076	0.00125154	0.00282064	0.00588978
0.6501	-0.0145791	0.00125606	0.00288553	0.00584126
0.6601	-0.0145499	0.00126056	0.00294837	0.00579401
0.6701	-0.0145201	0.00126505	0.00300911	0.00574794
0.6801	-0.0144897	0.00126952	0.00306771	0.00570294
0.6901	-0.0144588	0.00127396	0.00312415	0.00565893
0.7001	-0.0144272	0.00127836	0.0031784	0.00561584
0.7101	-0.0143952	0.00128273	0.00323046	0.00557358
0.7201	-0.0143626	0.00128706	0.00328032	0.0055321
0.7301	-0.0143296	0.00129133	0.003328	0.00549135
0.7401	-0.0142961	0.00129556	0.00337349	0.00545128
0.7501	-0.0142621	0.00129974	0.00341683	0.00541183
0.7601	-0.0142278	0.00130386	0.00345804	0.00537299
0.7701	-0.014193	0.00130793	0.00349714	0.0053347
0.7801	-0.0141578	0.00131193	0.00353417	0.00529694
0.7901	-0.0141223	0.00131588	0.00356917	0.00525969
0.8001	-0.0140864	0.00131976	0.00360217	0.00522292
0.8101	-0.0140503	0.00132358	0.00363323	0.00518662
0.8201	-0.0140138	0.00132733	0.00366239	0.00515076
0.8301	-0.013977	0.00133102	0.0036897	0.00511533
0.8401	-0.01394	0.00133465	0.0037152	0.00508032
0.8501	-0.0139027	0.00133821	0.00373896	0.00504572
0.8601	-0.0138652	0.00134171	0.00376101	0.00501151
0.8701	-0.0138275	0.00134514	0.00378142	0.00497769
0.8801	-0.0137896	0.0013485	0.00380024	0.00494424
0.8901	-0.0137515	0.00135181	0.00381752	0.00491117
0.9001	-0.0137133	0.00135505	0.00383331	0.00487846
0.9101	-0.0136748	0.00135823	0.00384767	0.0048461
0.9201	-0.0136363	0.00136134	0.00386065	0.00481411
0.9301	-0.0135976	0.0013644	0.00387229	0.00478246
0.9401	-0.0135589	0.0013674	0.00388266	0.00475115
0.9501	-0.01352	0.00137034	0.00389179	0.00472018
0.9601	-0.013481	0.00137322	0.00389974	0.00468955
0.9701	-0.013442	0.00137605	0.00390656	0.00465925
0.9801	-0.0134029	0.00137882	0.00391228	0.00462928
0.9901	-0.0133638	0.00138154	0.00391696	0.00459962
1.0001	-0.0133246	0.00138421	0.00392064	0.00457029
1.0101	-0.0132853	0.00138683	0.00392336	0.00454128
1.0201	-0.0132461	0.00138939	0.00392516	0.00451258
1.0301	-0.0132068	0.00139191	0.00392609	0.00448418
1.0401	-0.0131676	0.00139438	0.00392617	0.00445609
1.0501	-0.0131283	0.0013968	0.00392546	0.00442831
1.0601	-0.0130891	0.00139918	0.00392398	0.00440082
1.0701	-0.0130498	0.00140152	0.00392176	0.00437362
1.0801	-0.0130106	0.00140381	0.00391886	0.00434672
1.0901	-0.0129715	0.00140606	0.00391528	0.0043201
1.1001	-0.0129323	0.00140826	0.00391108	0.00429377
1.1101	-0.0128933	0.00141043	0.00390627	0.00426772
1.1201	-0.0128542	0.00141256	0.00390088	0.00424194
1.1301	-0.0128152	0.00141465	0.00389495	0.00421644
1.1401	-0.0127763	0.00141671	0.0038885	0.0041912
1.1501	-0.0127375	0.00141872	0.00388156	0.00416623
1.1601	-0.0126987	0.00142071	0.00387415	0.00414152
1.1701	-0.01266	0.00142266	0.00386629	0.00411707
1.1801	-0.0126214	0.00142457	0.00385801	0.00409288
1.1901	-0.0125828	0.00142645	0.00384934	0.00406893
1.2001	-0.0125444	0.0014283	0.00384028	0.00404523
1.2101	-0.012506	0.00143012	0.00383086	0.00402178
1.2201	-0.0124678	0.00143191	0.0038211	0.00399857
1.2301	-0.0124296	0.00143367	0.00381103	0.00397559
1.2401	-0.0123915	0.00143539	0.00380065	0.00395285
1.2501	-0.0123536	0.00143709	0.00378998	0.00393034
1.2601	-0.0123157	0.00143877	0.00377904	0.00390806
1.2701	-0.012278	0.00144041	0.00376785	0.003886
1.2801	-0.0122404	0.00144203	0.00375642	0.00386416
1.2901	-0.0122029	0.00144362	0.00374477	0.00384254
1.3001	-0.0121655	0.00144519	0.0037329	0.00382113
1.3101	-0.0121282	0.00144673	0.00372084	0.00379994
1.3201	-0.0120911	0.00144825	0.00370859	0.00377895
1.3301	-0.0120541	0.00144974	0.00369617	0.00375817
1.3401	-0.0120172	0.00145121	0.00368359	0.00373759
1.3501	-0.0119804	0.00145265	0.00367085	0.0037172
1.3601	-0.0119437	0.00145408	0.00365798	0.00369702
1.3701	-0.0119072	0.00145548	0.00364497	0.00367703
1.3801	-0.0118708	0.00145686	0.00363185	0.00365723
1.3901	-0.0118346	0.00145821	0.00361861	0.00363762
1.4001	-0.0117985	0.00145955	0.00360527	0.0036182
1.4101	-0.0117625	0.00146087	0.00359184	0.00359895
1.4201	-0.0117266	0.00146216	0.00357832	0.00357989
1.4301	-0.0116909	0.00146344	0.00356472	0.00356101
1.4401	-0.0116553	0.00146469	0.00355105	0.0035423
1.4501	-0.0116199	0.00146593	0.00353731	0.00352377
1.4601	-0.0115846	0.00146715	0.00352352	0.0035054
1.4701	-0.0115494	0.00146835	0.00350967	0.00348721
1.4801	-0.0115144	0.00146953	0.00349578	0.00346918
1.4901	-0.0114795	0.00147069	0.00348185	0.00345131
1.5001	-0.0114448	0.00147184	0.00346788	0.00343361
1.5101	-0.0114102	0.00147297	0.00345388	0.00341607
1.5201	-0.0113757	0.00147408	0.00343986	0.00339868
1.5301	-0.0113414	0.00147517	0.00342582	0.00338145
1.5401	-0.0113072	0.00147625	0.00341177	0.00336438
1.5501	-0.0112731	0.00147731	0.0033977	0.00334745
1.5601	-0.0112392	0.00147836	0.00338362	0.00333068
1.5701	-0.0112055	0.00147939	0.00336954	0.00331405
1.5801	-0.0111718	0.0014804	0.00335547	0.00329757
1.5901	-0.0111383	0.0014814	0.00334139	0.00328123
1.6001	-0.011105	0.00148239	0.00332732	0.00326503
1.6101	-0.0110718	0.00148336	0.00331327	0.00324898
1.6201	-0.0110387	0.00148431	0.00329922	0.00323306
1.6301	-0.0110058	0.00148525	0.00328519	0.00321728
1.6401	-0.010973	0.00148618	0.00327118	0.00320163
1.6501	-0.0109404	0.0014871	0.00325719	0.00318612
1.6601	-0.0109079	0.001488	0.00324323	0.00317074
1.6701	-0.0108755	0.00148888	0.00322929	0.0031555
1.6801	-0.0108433	0.00148976	0.00321538	0.00314037
1.6901	-0.0108112	0.00149062	0.00320149	0.00312538
1.7001	-0.0107793	0.00149146	0.00318764	0.00311051
1.7101	-0.0107475	0.0014923	0.00317382	0.00309577
1.7201	-0.0107158	0.00149312	0.00316004	0.00308115
1.7301	-0.0106843	0.00149393	0.0031463	0.00306665
1.7401	-0.0106529	0.00149473	0.00313259	0.00305227
1.7501	-0.0106216	0.00149552	0.00311892	0.00303801
1.7601	-0.0105905	0.00149629	0.0031053	0.00302387
1.7701	-0.0105595	0.00149706	0.00309171	0.00300984
1.7801	-0.0105287	0.00149781	0.00307817	0.00299593
1.7901	-0.0104979	0.00149855	0.00306467	0.00298213
1.8001	-0.0104674	0.00149928	0.00305122	0.00296844
1.8101	-0.0104369	0.0015	0.00303782	0.00295487
1.8201	-0.0104066	0.00150071	0.00302446	0.0029414
1.8301	-0.0103764	0.00150141	0.00301116	0.00292804
1.8401	-0.0103464	0.0015021	0.0029979	0.00291479
1.8501	-0.0103165	0.00150278	0.00298469	0.00290164
1.8601	-0.0102867	0.00150345	0.00297153	0.0028886
1.8701	-0.010257	0.00150411	0.00295842	0.00287567
1.8801	-0.0102275	0.00150475	0.00294537	0.00286283
1.8901	-0.0101981	0.00150539	0.00293237	0.0028501
1.9001	-0.0101689	0.00150602	0.00291942	0.00283746
1.9101	-0.0101397	0.00150665	0.00290652	0.00282493
1.9201	-0.0101107	0.00150726	0.00289368	0.00281249
1.9301	-0.0100819	0.00150786	0.00288089	0.00280015
1.9401	-0.0100531	0.00150845	0.00286816	0.00278791
1.9501	-0.0100245	0.00150904	0.00285548	0.00277576
1.9601	-0.00999601	0.00150962	0.00284286	0.0027637
1.9701	-0.00996764	0.00151019	0.00283029	0.00275174
1.9801	-0.0099394	0.00151075	0.00281778	0.00273987
1.9901	-0.00991129	0.0015113	0.00280532	0.0027281
2.0001	-0.0098833	0.00151184	0.00279293	0.00271641
2.0101	-0.00985543	0.00151238	0.00278058	0.00270481
2.0201	-0.00982769	0.00151291	0.0027683	0.0026933
2.0301	-0.00980006	0.00151343	0.00275607	0.00268187
2.0401	-0.00977256	0.00151394	0.00274389	0.00267054
2.0501	-0.00974519	0.00151445	0.00273178	0.00265928
2.0601	-0.00971793	0.00151494	0.00271972	0.00264812
2.0701	-0.00969079	0.00151544	0.00270771	0.00263703
2.0801	-0.00966377	0.00151592	0.00269577	0.00262603
2.0901	-0.00963688	0.0015164	0.00268388	0.00261512
2.1001	-0.0096101	0.00151687	0.00267205	0.00260428
2.1101	-0.00958343	0.00151733	0.00266027	0.00259352
2.1201	-0.00955689	0.00151779	0.00264855	0.00258285
2.1301	-0.00953046	0.00151824	0.00263689	0.00257225
2.1401	-0.00950415	0.00151868	0.00262528	0.00256173
2.1501	-0.00947796	0.00151912	0.00261373	0.00255129
2.1601	-0.00945188	0.00151955	0.00260224	0.00254092
2.1701	-0.00942591	0.00151997	0.00259081	0.00253063
2.1801	-0.00940006	0.00152039	0.00257943	0.00252042
2.1901	-0.00937432	0.00152081	0.0025681	0.00251028
2.2001	-0.0093487	0.00152121	0.00255684	0.00250021
2.2101	-0.00932319	0.00152161	0.00254562	0.00249022
2.2201	-0.00929779	0.00152201	0.00253447	0.00248029
2.2301	-0.0092725	0.0015224	0.00252337	0.00247044
2.2401	-0.00924732	0.00152278	0.00251232	0.00246066
2.2501	-0.00922225	0.00152316	0.00250134	0.00245095
2.2601	-0.00919729	0.00152353	0.0024904	0.00244131
2.2701	-0.00917244	0.0015239	0.00247952	0.00243174
2.2801	-0.0091477	0.00152426	0.0024687	0.00242224
2.2901	-0.00912307	0.00152462	0.00245793	0.0024128
2.3001	-0.00909854	0.00152497	0.00244721	0.00240343
2.3101	-0.00907412	0.00152532	0.00243655	0.00239413
2.3201	-0.00904981	0.00152567	0.00242595	0.00238489
2.3301	-0.00902561	0.001526	0.00241539	0.00237571
2.3401	-0.0090015	0.00152634	0.00240489	0.00236661
2.3501	-0.00897751	0.00152666	0.00239445	0.00235756
2.3601	-0.00895361	0.00152699	0.00238406	0.00234858
2.3701	-0.00892983	0.00152731	0.00237372	0.00233966
2.3801	-0.00890614	0.00152762	0.00236343	0.0023308
2.3901	-0.00888256	0.00152793	0.0023532	0.002322
2.4001	-0.00885908	0.00152824	0.00234301	0.00231327
2.4101	-0.0088357	0.00152854	0.00233288	0.00230459
2.4201	-0.00881242	0.00152884	0.00232281	0.00229597
2.4301	-0.00878924	0.00152913	0.00231278	0.00228741
2.4401	-0.00876616	0.00152942	0.00230281	0.00227892
2.4501	-0.00874318	0.0015297	0.00229288	0.00227047
2.4601	-0.0087203	0.00152999	0.00228301	0.00226209
2.4701	-0.00869752	0.00153026	0.00227319	0.00225376
2.4801	-0.00867484	0.00153054	0.00226342	0.00224549
2.4901	-0.00865226	0.00153081	0.0022537	0.00223728
2.5001	-0.00862977	0.00153107	0.00224403	0.00222912
2.5101	-0.00860737	0.00153133	0.00223441	0.00222101
2.5201	-0.00858508	0.00153159	0.00222484	0.00221296
2.5301	-0.00856288	0.00153185	0.00221532	0.00220496
2.5401	-0.00854077	0.0015321	0.00220584	0.00219702
2.5501	-0.00851876	0.00153235	0.00219642	0.00218913
2.5601	-0.00849684	0.00153259	0.00218705	0.00218129
2.5701	-0.00847502	0.00153283	0.00217772	0.0021735
2.5801	-0.00845329	0.00153307	0.00216844	0.00216577
2.5901	-0.00843165	0.00153331	0.00215921	0.00215808
2.6001	-0.0084101	0.00153354	0.00215003	0.00215045
2.6101	-0.00838865	0.00153377	0.00214089	0.00214286
2.6201	-0.00836729	0.00153399	0.00213181	0.00213533
2.6301	-0.00834601	0.00153421	0.00212277	0.00212784
2.6401	-0.00832483	0.00153443	0.00211377	0.0021204
2.6501	-0.00830374	0.00153465	0.00210482	0.00211302
2.6601	-0.00828273	0.00153486	0.00209592	0.00210567
2.6701	-0.00826182	0.00153507	0.00208707	0.00209838
2.6801	-0.00824099	0.00153528	0.00207826	0.00209113
2.6901	-0.00822025	0.00153548	0.00206949	0.00208393
2.7001	-0.0081996	0.00153569	0.00206078	0.00207678
2.7101	-0.00817904	0.00153589	0.0020521	0.00206967
2.7201	-0.00815856	0.00153608	0.00204347	0.00206261
2.7301	-0.00813817	0.00153628	0.00203489	0.00205559
2.7401	-0.00811786	0.00153647	0.00202635	0.00204862
2.7501	-0.00809764	0.00153666	0.00201786	0.00204169
2.7601	-0.00807751	0.00153684	0.0020094	0.0020348
2.7701	-0.00805745	0.00153703	0.002001	0.00202796
2.7801	-0.00803748	0.00153721	0.00199263	0.00202116
2.7901	-0.0080176	0.00153739	0.00198431	0.0020144
2.8001	-0.0079978	0.00153756	0.00197603	0.00200769
2.8101	-0.00797808	0.00153774	0.0019678	0.00200101
2.8201	-0.00795844	0.00153791	0.00195961	0.00199438
2.8301	-0.00793889	0.00153808	0.00195146	0.00198779
2.8401	-0.00791941	0.00153825	0.00194335	0.00198124
2.8501	-0.00790002	0.00153841	0.00193528	0.00197473
2.8601	-0.00788071	0.00153857	0.00192726	0.00196826
2.8701	-0.00786147	0.00153873	0.00191927	0.00196184
2.8801	-0.00784232	0.00153889	0.00191133	0.00195545
2.8901	-0.00782325	0.00153905	0.00190343	0.0019491
2.9001	-0.00780425	0.0015392	0.00189557	0.00194278
2.9101	-0.00778534	0.00153936	0.00188775	0.00193651
2.9201	-0.0077665	0.00153951	0.00187997	0.00193027
2.9301	-0.00774774	0.00153966	0.00187223	0.00192408
2.9401	-0.00772905	0.0015398	0.00186453	0.00191792
2.9501	-0.00771045	0.00153995	0.00185688	0.00191179
2.9601	-0.00769192	0.00154009	0.00184925	0.00190571
2.9701	-0.00767346	0.00154023	0.00184167	0.00189966
2.9801	-0.00765508	0.00154037	0.00183413	0.00189365
2.9901	-0.00763678	0.00154051	0.00182663	0.00188767
3.0001	-0.00761855	0.00154064	0.00181916	0.00188173
3.0101	-0.00760039	0.00154078	0.00181174	0.00187582
3.0201	-0.00758231	0.00154091	0.00180435	0.00186995
3.0301	-0.00756431	0.00154104	0.001797	0.00186411
3.0401	-0.00754637	0.00154117	0.00178969	0.00185831
3.0501	-0.00752851	0.00154129	0.00178241	0.00185254
3.0601	-0.00751073	0.00154142	0.00177518	0.00184681
3.0701	-0.00749301	0.00154154	0.00176798	0.00184111
3.0801	-0.00747537	0.00154167	0.00176081	0.00183544
3.0901	-0.00745779	0.00154179	0.00175369	0.0018298
3.1001	-0.00744029	0.00154191	0.0017466	0.0018242
3.1101	-0.00742286	0.00154202	0.00173954	0.00181863
3.1201	-0.0074055	0.00154214	0.00173253	0.0018131
3.1301	-0.00738821	0.00154225	0.00172555	0.00180759
3.1401	-0.00737099	0.00154237	0.0017186	0.00180212
3.1501	-0.00735384	0.00154248	0.00171169	0.00179668
3.1601	-0.00733676	0.00154259	0.00170482	0.00179127
3.1701	-0.00731974	0.0015427	0.00169798	0.00178589
3.1801	-0.0073028	0.00154281	0.00169117	0.00178054
3.1901	-0.00728592	0.00154291	0.0016844	0.00177522
3.2001	-0.00726911	0.00154302	0.00167767	0.00176993
3.2101	-0.00725237	0.00154312	0.00167097	0.00176467
3.2201	-0.00723569	0.00154322	0.0016643	0.00175945
3.2301	-0.00721908	0.00154332	0.00165767	0.00175425
3.2401	-0.00720254	0.00154342	0.00165107	0.00174908
3.2501	-0.00718606	0.00154352	0.0016445	0.00174394
3.2601	-0.00716965	0.00154362	0.00163797	0.00173883
3.2701	-0.0071533	0.00154372	0.00163147	0.00173374
3.2801	-0.00713702	0.00154381	0.00162501	0.00172869
3.2901	-0.0071208	0.00154391	0.00161857	0.00172366
3.3001	-0.00710464	0.001544	0.00161217	0.00171866
3.3101	-0.00708855	0.00154409	0.0016058	0.00171369
3.3201	-0.00707253	0.00154418	0.00159947	0.00170875
3.3301	-0.00705656	0.00154427	0.00159317	0.00170383
3.3401	-0.00704066	0.00154436	0.0015869	0.00169894
3.3501	-0.00702483	0.00154444	0.00158066	0.00169408
3.3601	-0.00700905	0.00154453	0.00157445	0.00168924
3.3701	-0.00699334	0.00154461	0.00156827	0.00168443
3.3801	-0.00697769	0.0015447	0.00156213	0.00167965
3.3901	-0.0069621	0.00154478	0.00155601	0.00167489
3.4001	-0.00694657	0.00154486	0.00154993	0.00167016
3.4101	-0.0069311	0.00154494	0.00154388	0.00166546
3.4201	-0.00691569	0.00154502	0.00153786	0.00166078
3.4301	-0.00690034	0.0015451	0.00153187	0.00165612
3.4401	-0.00688505	0.00154518	0.0015259	0.00165149
3.4501	-0.00686982	0.00154526	0.00151997	0.00164689
3.4601	-0.00685465	0.00154533	0.00151407	0.0016423
3.4701	-0.00683954	0.00154541	0.0015082	0.00163775
3.4801	-0.00682449	0.00154548	0.00150236	0.00163322
3.4901	-0.00680949	0.00154556	0.00149655	0.00162871
3.5001	-0.00679456	0.00154563	0.00149076	0.00162423
3.5101	-0.00677968	0.0015457	0.00148501	0.00161976
3.5201	-0.00676486	0.00154577	0.00147929	0.00161533
3.5301	-0.00675009	0.00154584	0.00147359	0.00161091
3.5401	-0.00673538	0.00154591	0.00146792	0.00160652
3.5501	-0.00672073	0.00154598	0.00146228	0.00160216
3.5601	-0.00670614	0.00154605	0.00145667	0.00159781
3.5701	-0.0066916	0.00154611	0.00145109	0.00159349
3.5801	-0.00667712	0.00154618	0.00144553	0.00158919
3.5901	-0.00666269	0.00154624	0.00144	0.00158492
3.6001	-0.00664832	0.00154631	0.0014345	0.00158066
3.6101	-0.006634	0.00154637	0.00142903	0.00157643
3.6201	-0.00661973	0.00154643	0.00142359	0.00157222
3.6301	-0.00660553	0.0015465	0.00141817	0.00156803
3.6401	-0.00659137	0.00154656	0.00141278	0.00156386
3.6501	-0.00657727	0.00154662	0.00140742	0.00155972
3.6601	-0.00656322	0.00154668	0.00140208	0.00155559
3.6701	-0.00654923	0.00154674	0.00139677	0.00155149
3.6801	-0.00653529	0.0015468	0.00139148	0.0015474
3.6901	-0.0065214	0.00154685	0.00138623	0.00154334
3.7001	-0.00650756	0.00154691	0.00138099	0.0015393
3.7101	-0.00649378	0.00154697	0.00137579	0.00153528
3.7201	-0.00648005	0.00154702	0.00137061	0.00153128
3.7301	-0.00646637	0.00154708	0.00136545	0.0015273
3.7401	-0.00645274	0.00154713	0.00136032	0.00152334
3.7501	-0.00643916	0.00154719	0.00135522	0.0015194
3.7601	-0.00642563	0.00154724	0.00135014	0.00151547
3.7701	-0.00641216	0.00154729	0.00134509	0.00151157
3.7801	-0.00639873	0.00154734	0.00134006	0.00150769
3.7901	-0.00638536	0.0015474	0.00133506	0.00150383
3.8001	-0.00637203	0.00154745	0.00133008	0.00149998
3.8101	-0.00635875	0.0015475	0.00132513	0.00149616
3.8201	-0.00634553	0.00154755	0.0013202	0.00149235
3.8301	-0.00633235	0.0015476	0.00131529	0.00148857
3.8401	-0.00631922	0.00154764	0.00131041	0.0014848
3.8501	-0.00630614	0.00154769	0.00130555	0.00148105
3.8601	-0.00629311	0.00154774	0.00130072	0.00147732
3.8701	-0.00628013	0.00154779	0.00129591	0.0014736
3.8801	-0.00626719	0.00154783	0.00129112	0.00146991
3.8901	-0.00625431	0.00154788	0.00128636	0.00146623
3.9001	-0.00624147	0.00154793	0.00128162	0.00146257
3.9101	-0.00622867	0.00154797	0.0012769	0.00145893
3.9201	-0.00621593	0.00154801	0.00127221	0.00145531
3.9301	-0.00620323	0.00154806	0.00126754	0.0014517
3.9401	-0.00619058	0.0015481	0.00126289	0.00144811
3.9501	-0.00617797	0.00154814	0.00125827	0.00144454
3.9601	-0.00616541	0.00154819	0.00125367	0.00144098
3.9701	-0.0061529	0.00154823	0.00124909	0.00143744
3.9801	-0.00614043	0.00154827	0.00124453	0.00143392
3.9901	-0.00612801	0.00154831	0.00124	0.00143042
4.0001	-0.00611563	0.00154835	0.00123548	0.00142693
4.0101	-0.0061033	0.00154839	0.00123099	0.00142346
4.0201	-0.00609101	0.00154843	0.00122652	0.00142001
4.0301	-0.00607877	0.00154847	0.00122207	0.00141657
4.0401	-0.00606657	0.00154851	0.00121765	0.00141315
4.0501	-0.00605441	0.00154855	0.00121324	0.00140974
4.0601	-0.0060423	0.00154859	0.00120886	0.00140635
4.0701	-0.00603024	0.00154862	0.0012045	0.00140298
4.0801	-0.00601821	0.00154866	0.00120016	0.00139962
4.0901	-0.00600623	0.0015487	0.00119584	0.00139627
4.1001	-0.0059943	0.00154873	0.00119154	0.00139295
4.1101	-0.0059824	0.00154877	0.00118726	0.00138963
4.1201	-0.00597055	0.0015488	0.001183	0.00138634
4.1301	-0.00595874	0.00154884	0.00117876	0.00138306
4.1401	-0.00594697	0.00154887	0.00117455	0.00137979
4.1501	-0.00593525	0.00154891	0.00117035	0.00137654
4.1601	-0.00592357	0.00154894	0.00116617	0.0013733
4.1701	-0.00591193	0.00154898	0.00116202	0.00137008
4.1801	-0.00590033	0.00154901	0.00115788	0.00136688
4.1901	-0.00588877	0.00154904	0.00115376	0.00136368
4.2001	-0.00587725	0.00154907	0.00114967	0.00136051
4.2101	-0.00586578	0.00154911	0.00114559	0.00135734
4.2201	-0.00585434	0.00154914	0.00114153	0.00135419
4.2301	-0.00584295	0.00154917	0.00113749	0.00135106
4.2401	-0.00583159	0.0015492	0.00113347	0.00134794
4.2501	-0.00582028	0.00154923	0.00112947	0.00134483
4.2601	-0.005809	0.00154926	0.00112549	0.00134174
4.2701	-0.00579777	0.00154929	0.00112153	0.00133866
4.2801	-0.00578657	0.00154932	0.00111759	0.0013356
4.2901	-0.00577541	0.00154935	0.00111366	0.00133255
4.3001	-0.0057643	0.00154938	0.00110976	0.00132951
4.3101	-0.00575322	0.00154941	0.00110587	0.00132649
4.3201	-0.00574218	0.00154944	0.001102	0.00132348
4.3301	-0.00573118	0.00154947	0.00109815	0.00132048
4.3401	-0.00572022	0.00154949	0.00109432	0.0013175
4.3501	-0.00570929	0.00154952	0.0010905	0.00131453
4.3601	-0.00569841	0.00154955	0.00108671	0.00131157
4.3701	-0.00568756	0.00154958	0.00108293	0.00130862
4.3801	-0.00567675	0.0015496	0.00107917	0.00130569
4.3901	-0.00566597	0.00154963	0.00107542	0.00130277
4.4001	-0.00565524	0.00154966	0.0010717	0.00129987
4.4101	-0.00564454	0.00154968	0.00106799	0.00129698
4.4201	-0.00563388	0.00154971	0.0010643	0.00129409
4.4301	-0.00562325	0.00154973	0.00106063	0.00129123
4.4401	-0.00561267	0.00154976	0.00105697	0.00128837
4.4501	-0.00560212	0.00154978	0.00105333	0.00128553
4.4601	-0.0055916	0.00154981	0.00104971	0.0012827
4.4701	-0.00558112	0.00154983	0.00104611	0.00127988
4.4801	-0.00557068	0.00154986	0.00104252	0.00127707
4.4901	-0.00556027	0.00154988	0.00103895	0.00127428
4.5001	-0.0055499	0.0015499	0.00103539	0.00127149
4.5101	-0.00553956	0.00154993	0.00103186	0.00126872
4.5201	-0.00552926	0.00154995	0.00102833	0.00126597
4.5301	-0.005519	0.00154997	0.00102483	0.00126322
4.5401	-0.00550876	0.00155	0.00102134	0.00126048
4.5501	-0.00549857	0.00155002	0.00101787	0.00125776
4.5601	-0.00548841	0.00155004	0.00101441	0.00125505
4.5701	-0.00547828	0.00155006	0.00101097	0.00125235
4.5801	-0.00546819	0.00155008	0.00100755	0.00124966
4.5901	-0.00545813	0.00155011	0.00100414	0.00124698
4.6001	-0.00544811	0.00155013	0.00100075	0.00124431
4.6101	-0.00543811	0.00155015	0.000997369	0.00124166
4.6201	-0.00542816	0.00155017	0.000994007	0.00123901
4.6301	-0.00541823	0.00155019	0.000990661	0.00123638
4.6401	-0.00540834	0.00155021	0.000987331	0.00123376
4.6501	-0.00539849	0.00155023	0.000984015	0.00123114
4.6601	-0.00538866	0.00155025	0.000980716	0.00122854
4.6701	-0.00537887	0.00155027	0.000977431	0.00122595
4.6801	-0.00536912	0.00155029	0.000974161	0.00122337
4.6901	-0.00535939	0.00155031	0.000970906	0.00122081
4.7001	-0.0053497	0.00155033	0.000967667	0.00121825
4.7101	-0.00534004	0.00155035	0.000964442	0.0012157
4.7201	-0.00533041	0.00155037	0.000961231	0.00121316
4.7301	-0.00532081	0.00155038	0.000958036	0.00121064
4.7401	-0.00531125	0.0015504	0.000954855	0.00120812
4.7501	-0.00530171	0.00155042	0.000951689	0.00120562
4.7601	-0.00529221	0.00155044	0.000948537	0.00120312
4.7701	-0.00528274	0.00155046	0.000945399	0.00120063
4.7801	-0.00527331	0.00155047	0.000942276	0.00119816
4.7901	-0.0052639	0.00155049	0.000939166	0.00119569
4.8001	-0.00525452	0.00155051	0.000936071	0.00119324
4.8101	-0.00524518	0.00155053	0.00093299	0.00119079
4.8201	-0.00523586	0.00155054	0.000929923	0.00118836
4.8301	-0.00522658	0.00155056	0.00092687	0.00118593
4.8401	-0.00521733	0.00155058	0.000923831	0.00118351
4.8501	-0.0052081	0.00155059	0.000920805	0.00118111
4.8601	-0.00519891	0.00155061	0.000917793	0.00117871
4.8701	-0.00518975	0.00155063	0.000914795	0.00117632
4.8801	-0.00518061	0.00155064	0.00091181	0.00117395
4.8901	-0.00517151	0.00155066	0.000908839	0.00117158
4.9001	-0.00516244	0.00155067	0.000905881	0.00116922
4.9101	-0.00515339	0.00155069	0.000902936	0.00116687
4.9201	-0.00514438	0.0015507	0.000900005	0.00116453
4.9301	-0.00513539	0.00155072	0.000897086	0.0011622
4.9401	-0.00512644	0.00155073	0.000894181	0.00115988
4.9501	-0.00511751	0.00155075	0.000891289	0.00115756
4.9601	-0.00510861	0.00155076	0.00088841	0.00115526
4.9701	-0.00509974	0.00155078	0.000885543	0.00115297
4.9801	-0.0050909	0.00155079	0.00088269	0.00115068
4.9901	-0.00508209	0.00155081	0.000879849	0.0011484
