8
4120
0
6
1 -82 -18
4 -82 -16
5 -82 -14
4 -82 -12
6 -82 -10
6 -82 -8
3 -82 -6
2 -82 -4
1 -82 -2
1 -82 2
2 -82 4
3 -82 6
6 -82 8
6 -82 10
4 -82 12
5 -82 14
4 -82 16
1 -82 18
1 -80 -28
6 -80 -26
15 -80 -24
21 -80 -22
31 -80 -20
59 -80 -18
78 -80 -16
84 -80 -14
98 -80 -12
132 -80 -10
184 -80 -8
206 -80 -6
190 -80 -4
143 -80 -2
120 -80 0
143 -80 2
190 -80 4
206 -80 6
184 -80 8
132 -80 10
98 -80 12
84 -80 14
78 -80 16
59 -80 18
31 -80 20
21 -80 22
15 -80 24
6 -80 26
1 -80 28
7 -78 -30
37 -78 -28
102 -78 -26
191 -78 -24
303 -78 -22
433 -78 -20
578 -78 -18
738 -78 -16
839 -78 -14
979 -78 -12
1246 -78 -10
1636 -78 -8
1965 -78 -6
1969 -78 -4
1832 -78 -2
1736 -78 0
1832 -78 2
1969 -78 4
1965 -78 6
1636 -78 8
1246 -78 10
979 -78 12
839 -78 14
738 -78 16
578 -78 18
433 -78 20
303 -78 22
191 -78 24
102 -78 26
37 -78 28
7 -78 30
5 -76 -32
36 -76 -30
216 -76 -28
703 -76 -26
1521 -76 -24
2560 -76 -22
3800 -76 -20
5166 -76 -18
6640 -76 -16
8134 -76 -14
9616 -76 -12
11612 -76 -10
14073 -76 -8
16512 -76 -6
18000 -76 -4
18681 -76 -2
18896 -76 0
18681 -76 2
18000 -76 4
16512 -76 6
14073 -76 8
11612 -76 10
9616 -76 12
8134 -76 14
6640 -76 16
5166 -76 18
3800 -76 20
2560 -76 22
1521 -76 24
703 -76 26
216 -76 28
36 -76 30
5 -76 32
1 -74 -34
58 -74 -32
410 -74 -30
1505 -74 -28
4169 -74 -26
9139 -74 -24
16152 -74 -22
24640 -74 -20
34500 -74 -18
45405 -74 -16
57048 -74 -14
68484 -74 -12
80959 -74 -10
94900 -74 -8
108122 -74 -6
119234 -74 -4
125196 -74 -2
127078 -74 0
125196 -74 2
119234 -74 4
108122 -74 6
94900 -74 8
80959 -74 10
68484 -74 12
57048 -74 14
45405 -74 16
34500 -74 18
24640 -74 20
16152 -74 22
9139 -74 24
4169 -74 26
1505 -74 28
410 -74 30
58 -74 32
1 -74 34
63 -72 -34
502 -72 -32
2453 -72 -30
8188 -72 -28
21131 -72 -26
45499 -72 -24
83906 -72 -22
134437 -72 -20
195597 -72 -18
266268 -72 -16
343211 -72 -14
423500 -72 -12
502207 -72 -10
581507 -72 -8
656842 -72 -6
718730 -72 -4
757832 -72 -2
770322 -72 0
757832 -72 2
718730 -72 4
656842 -72 6
581507 -72 8
502207 -72 10
423500 -72 12
343211 -72 14
266268 -72 16
195597 -72 18
134437 -72 20
83906 -72 22
45499 -72 24
21131 -72 26
8188 -72 28
2453 -72 30
502 -72 32
63 -72 34
47 -70 -36
555 -70 -34
3326 -70 -32
13105 -70 -30
40181 -70 -28
99672 -70 -26
210264 -70 -24
389992 -70 -22
644542 -70 -20
964934 -70 -18
1341723 -70 -16
1761948 -70 -14
2207695 -70 -12
2650410 -70 -10
3069498 -70 -8
3452359 -70 -6
3759505 -70 -4
3962478 -70 -2
4032278 -70 0
3962478 -70 2
3759505 -70 4
3452359 -70 6
3069498 -70 8
2650410 -70 10
2207695 -70 12
1761948 -70 14
1341723 -70 16
964934 -70 18
644542 -70 20
389992 -70 22
210264 -70 24
99672 -70 26
40181 -70 28
13105 -70 30
3326 -70 32
555 -70 34
47 -70 36
19 -68 -38
454 -68 -36
3548 -68 -34
17169 -68 -32
60982 -68 -30
174989 -68 -28
425370 -68 -26
892960 -68 -24
1658157 -68 -22
2784039 -68 -20
4272616 -68 -18
6080591 -68 -16
8146503 -68 -14
10365471 -68 -12
12616822 -68 -10
14736238 -68 -8
16604249 -68 -6
18098558 -68 -4
19072608 -68 -2
19415508 -68 0
19072608 -68 2
18098558 -68 4
16604249 -68 6
14736238 -68 8
12616822 -68 10
10365471 -68 12
8146503 -68 14
6080591 -68 16
4272616 -68 18
2784039 -68 20
1658157 -68 22
892960 -68 24
425370 -68 26
174989 -68 28
60982 -68 30
17169 -68 32
3548 -68 34
454 -68 36
19 -68 38
3 -66 -40
317 -66 -38
3252 -66 -36
18765 -66 -34
78095 -66 -32
258731 -66 -30
711861 -66 -28
1688061 -66 -26
3524087 -66 -24
6575719 -66 -22
11140262 -66 -20
17365997 -66 -18
25156790 -66 -16
34229049 -66 -14
44140109 -66 -12
54299931 -66 -10
63998038 -66 -8
72490342 -66 -6
79197303 -66 -4
83531122 -66 -2
85038018 -66 0
83531122 -66 2
79197303 -66 4
72490342 -66 6
63998038 -66 8
54299931 -66 10
44140109 -66 12
34229049 -66 14
25156790 -66 16
17365997 -66 18
11140262 -66 20
6575719 -66 22
3524087 -66 24
1688061 -66 26
711861 -66 28
258731 -66 30
78095 -66 32
18765 -66 34
3252 -66 36
317 -66 38
3 -66 40
167 -64 -40
2399 -64 -38
17222 -64 -36
84714 -64 -34
321727 -64 -32
1006988 -64 -30
2688901 -64 -28
6268106 -64 -26
13011712 -64 -24
24369861 -64 -22
41639623 -64 -20
65664005 -64 -18
96471512 -64 -16
133131466 -64 -14
173908613 -64 -12
216236451 -64 -10
257114807 -64 -8
293228555 -64 -6
321584727 -64 -4
339783409 -64 -2
346062478 -64 0
339783409 -64 2
321584727 -64 4
293228555 -64 6
257114807 -64 8
216236451 -64 10
173908613 -64 12
133131466 -64 14
96471512 -64 16
65664005 -64 18
41639623 -64 20
24369861 -64 22
13011712 -64 24
6268106 -64 26
2688901 -64 28
1006988 -64 30
321727 -64 32
84714 -64 34
17222 -64 36
2399 -64 38
167 -64 40
63 -62 -42
1499 -62 -40
13416 -62 -38
77849 -62 -36
342910 -62 -34
1222447 -62 -32
3671563 -62 -30
9562389 -62 -28
22001423 -62 -26
45409115 -62 -24
85151059 -62 -22
146474721 -62 -20
233160203 -62 -18
346358427 -62 -16
483548696 -62 -14
638444195 -62 -12
801429241 -62 -10
960378196 -62 -8
1102185676 -62 -6
1214056243 -62 -4
1285707880 -62 -2
1310391504 -62 0
1285707880 -62 2
1214056243 -62 4
1102185676 -62 6
960378196 -62 8
801429241 -62 10
638444195 -62 12
483548696 -62 14
346358427 -62 16
233160203 -62 18
146474721 -62 20
85151059 -62 22
45409115 -62 24
22001423 -62 26
9562389 -62 28
3671563 -62 30
1222447 -62 32
342910 -62 34
77849 -62 36
13416 -62 38
1499 -62 40
63 -62 42
16 -60 -44
734 -60 -42
8447 -60 -40
59669 -60 -38
308744 -60 -36
1264511 -60 -34
4306567 -60 -32
12560082 -60 -30
32092724 -60 -28
73090230 -60 -26
150288864 -60 -24
282055476 -60 -22
487542540 -60 -20
782098576 -60 -18
1172448061 -60 -16
1652771526 -60 -14
2202706656 -60 -12
2788644416 -60 -10
3366161767 -60 -8
3885638325 -60 -6
4298241066 -60 -4
4563383409 -60 -2
4654766934 -60 0
4563383409 -60 2
4298241066 -60 4
3885638325 -60 6
3366161767 -60 8
2788644416 -60 10
2202706656 -60 12
1652771526 -60 14
1172448061 -60 16
782098576 -60 18
487542540 -60 20
282055476 -60 22
150288864 -60 24
73090230 -60 26
32092724 -60 28
12560082 -60 30
4306567 -60 32
1264511 -60 34
308744 -60 36
59669 -60 38
8447 -60 40
734 -60 42
16 -60 44
2 -58 -46
266 -58 -44
4247 -58 -42
37532 -58 -40
232168 -58 -38
1107724 -58 -36
4309174 -58 -34
14180749 -58 -32
40478315 -58 -30
102049976 -58 -28
230670280 -58 -26
473055055 -58 -24
888696080 -58 -22
1542207390 -58 -20
2489326025 -58 -18
3759963823 -58 -16
5343420637 -58 -14
7178784015 -58 -12
9155351606 -58 -10
11122139920 -58 -8
12904561189 -58 -6
14329284038 -58 -4
15249285034 -58 -2
15567211616 -58 0
15249285034 -58 2
14329284038 -58 4
12904561189 -58 6
11122139920 -58 8
9155351606 -58 10
7178784015 -58 12
5343420637 -58 14
3759963823 -58 16
2489326025 -58 18
1542207390 -58 20
888696080 -58 22
473055055 -58 24
230670280 -58 26
102049976 -58 28
40478315 -58 30
14180749 -58 32
4309174 -58 34
1107724 -58 36
232168 -58 38
37532 -58 40
4247 -58 42
266 -58 44
2 -58 46
63 -56 -46
1617 -56 -44
18762 -56 -42
142731 -56 -40
806522 -56 -38
3634921 -56 -36
13641566 -56 -34
43824428 -56 -32
123153601 -56 -30
307672781 -56 -28
692248327 -56 -26
1417980077 -56 -24
2668222489 -56 -22
4647417011 -56 -20
7541287831 -56 -18
11463604876 -56 -16
16403595348 -56 -14
22189871884 -56 -12
28480854124 -56 -10
34792187838 -56 -8
40552200319 -56 -6
45182209526 -56 -4
48184492418 -56 -2
49224597452 -56 0
48184492418 -56 2
45182209526 -56 4
40552200319 -56 6
34792187838 -56 8
28480854124 -56 10
22189871884 -56 12
16403595348 -56 14
11463604876 -56 16
7541287831 -56 18
4647417011 -56 20
2668222489 -56 22
1417980077 -56 24
692248327 -56 26
307672781 -56 28
123153601 -56 30
43824428 -56 32
13641566 -56 34
3634921 -56 36
806522 -56 38
142731 -56 40
18762 -56 42
1617 -56 44
63 -56 46
7 -54 -48
454 -54 -46
7265 -54 -44
70309 -54 -42
481608 -54 -40
2553945 -54 -38
11050778 -54 -36
40365376 -54 -34
127493423 -54 -32
354529670 -54 -30
880673294 -54 -28
1977112269 -54 -26
4051321659 -54 -24
7641178479 -54 -22
13359727101 -54 -20
21785122855 -54 -18
33303505896 -54 -16
47942020048 -54 -14
65241317960 -54 -12
84206728718 -54 -10
103371626936 -54 -8
120968550212 -54 -6
135179627839 -54 -4
144426955478 -54 -2
147636197380 -54 0
144426955478 -54 2
135179627839 -54 4
120968550212 -54 6
103371626936 -54 8
84206728718 -54 10
65241317960 -54 12
47942020048 -54 14
33303505896 -54 16
21785122855 -54 18
13359727101 -54 20
7641178479 -54 22
4051321659 -54 24
1977112269 -54 26
880673294 -54 28
354529670 -54 30
127493423 -54 32
40365376 -54 34
11050778 -54 36
2553945 -54 38
481608 -54 40
70309 -54 42
7265 -54 44
454 -54 46
7 -54 48
86 -52 -48
2072 -52 -46
27189 -52 -44
232303 -52 -42
1474081 -52 -40
7453958 -52 -38
31292244 -52 -36
112124229 -52 -34
350027530 -52 -32
967078643 -52 -30
2395370581 -52 -28
5376809327 -52 -26
11037522717 -52 -24
20883870030 -52 -22
36665931325 -52 -20
60079562895 -52 -18
92330580638 -52 -16
133640451624 -52 -14
182833462111 -52 -12
237153697785 -52 -10
292395123699 -52 -8
343384135907 -52 -6
384731209299 -52 -4
411712706567 -52 -2
421090356358 -52 0
411712706567 -52 2
384731209299 -52 4
343384135907 -52 6
292395123699 -52 8
237153697785 -52 10
182833462111 -52 12
133640451624 -52 14
92330580638 -52 16
60079562895 -52 18
36665931325 -52 20
20883870030 -52 22
11037522717 -52 24
5376809327 -52 26
2395370581 -52 28
967078643 -52 30
350027530 -52 32
112124229 -52 34
31292244 -52 36
7453958 -52 38
1474081 -52 40
232303 -52 42
27189 -52 44
2072 -52 46
86 -52 48
8 -50 -50
420 -50 -48
8052 -50 -46
88950 -50 -44
691050 -50 -42
4146010 -50 -40
20231597 -50 -38
83032531 -50 -36
293422261 -50 -34
908835569 -50 -32
2502329204 -50 -30
6195381625 -50 -28
13929602563 -50 -26
28683396883 -50 -24
54492030764 -50 -22
96120846439 -50 -20
158295057167 -50 -18
244531315636 -50 -16
355763430506 -50 -14
489125346362 -50 -12
637318393029 -50 -10
788870273681 -50 -8
929412420038 -50 -6
1043789914592 -50 -4
1118601662825 -50 -2
1144634994562 -50 0
1118601662825 -50 2
1043789914592 -50 4
929412420038 -50 6
788870273681 -50 8
637318393029 -50 10
489125346362 -50 12
355763430506 -50 14
244531315636 -50 16
158295057167 -50 18
96120846439 -50 20
54492030764 -50 22
28683396883 -50 24
13929602563 -50 26
6195381625 -50 28
2502329204 -50 30
908835569 -50 32
293422261 -50 34
83032531 -50 36
20231597 -50 38
4146010 -50 40
691050 -50 42
88950 -50 44
8052 -50 46
420 -50 48
8 -50 50
57 -48 -50
1713 -48 -48
26327 -48 -46
259478 -48 -44
1885628 -48 -42
10838911 -48 -40
51440531 -48 -38
207451418 -48 -36
725713227 -48 -34
2236814418 -48 -32
6151124487 -48 -30
15250353189 -48 -28
34395426219 -48 -26
71126307822 -48 -24
135788035290 -48 -22
240780091437 -48 -20
398652835283 -48 -18
619087878265 -48 -16
905266981854 -48 -14
1250515588170 -48 -12
1636348022013 -48 -10
2032916765860 -48 -8
2402217259046 -48 -6
2703726767343 -48 -4
2901359808357 -48 -2
2970202266922 -48 0
2901359808357 -48 2
2703726767343 -48 4
2402217259046 -48 6
2032916765860 -48 8
1636348022013 -48 10
1250515588170 -48 12
905266981854 -48 14
619087878265 -48 16
398652835283 -48 18
240780091437 -48 20
135788035290 -48 22
71126307822 -48 24
34395426219 -48 26
15250353189 -48 28
6151124487 -48 30
2236814418 -48 32
725713227 -48 34
207451418 -48 36
51440531 -48 38
10838911 -48 40
1885628 -48 42
259478 -48 44
26327 -48 46
1713 -48 48
57 -48 50
4 -46 -52
227 -46 -50
5784 -46 -48
76694 -46 -46
695026 -46 -44
4784000 -46 -42
26551064 -46 -40
123210759 -46 -38
490087627 -46 -36
1701655107 -46 -34
5229640706 -46 -32
14386555760 -46 -30
35764155838 -46 -28
81003321033 -46 -26
168372384470 -46 -24
323261182541 -46 -22
576544781618 -46 -20
960053068812 -46 -18
1499127820059 -46 -16
2203401789916 -46 -14
3058023362715 -46 -12
4018189927101 -46 -10
5009657132628 -46 -8
5936496094983 -46 -6
6695427198006 -46 -4
7193888549211 -46 -2
7367689275942 -46 0
7193888549211 -46 2
6695427198006 -46 4
5936496094983 -46 6
5009657132628 -46 8
4018189927101 -46 10
3058023362715 -46 12
2203401789916 -46 14
1499127820059 -46 16
960053068812 -46 18
576544781618 -46 20
323261182541 -46 22
168372384470 -46 24
81003321033 -46 26
35764155838 -46 28
14386555760 -46 30
5229640706 -46 32
1701655107 -46 34
490087627 -46 36
123210759 -46 38
26551064 -46 40
4784000 -46 42
695026 -46 44
76694 -46 46
5784 -46 48
227 -46 50
4 -46 52
13 -44 -52
895 -44 -50
17438 -44 -48
205354 -44 -46
1731056 -44 -44
11386785 -44 -42
61348489 -44 -40
279364637 -44 -38
1098901583 -44 -36
3793982961 -44 -34
11641341275 -44 -32
32070225607 -44 -30
80007091518 -44 -28
182113685327 -44 -26
380751334491 -44 -24
735579174648 -44 -22
1320207371114 -44 -20
2211863383945 -44 -18
3473805246531 -44 -16
5132903491030 -44 -14
7157738055996 -44 -12
9444267263055 -44 -10
11815737559387 -44 -8
14040681806466 -44 -6
15867607555368 -44 -4
17069763394218 -44 -2
17489336190386 -44 0
17069763394218 -44 2
15867607555368 -44 4
14040681806466 -44 6
11815737559387 -44 8
9444267263055 -44 10
7157738055996 -44 12
5132903491030 -44 14
3473805246531 -44 16
2211863383945 -44 18
1320207371114 -44 20
735579174648 -44 22
380751334491 -44 24
182113685327 -44 26
80007091518 -44 28
32070225607 -44 30
11641341275 -44 32
3793982961 -44 34
1098901583 -44 36
279364637 -44 38
61348489 -44 40
11386785 -44 42
1731056 -44 44
205354 -44 46
17438 -44 48
895 -44 50
13 -44 52
84 -42 -52
2925 -42 -50
47926 -42 -48
510190 -42 -46
4043797 -42 -44
25573288 -42 -42
134337635 -42 -40
602070713 -42 -38
2346280431 -42 -36
8064598501 -42 -34
24726789676 -42 -32
68257416509 -42 -30
170974639460 -42 -28
391288301549 -42 -26
823207168163 -42 -24
1600947493724 -42 -22
2892584683420 -42 -20
4877550730623 -42 -18
7706742833943 -42 -16
11450379645453 -42 -14
16045675933307 -42 -12
21261117589635 -42 -10
26693616598619 -42 -8
31808386327967 -42 -6
36019448766269 -42 -4
38795440588895 -42 -2
39765201445836 -42 0
38795440588895 -42 2
36019448766269 -42 4
31808386327967 -42 6
26693616598619 -42 8
21261117589635 -42 10
16045675933307 -42 12
11450379645453 -42 14
7706742833943 -42 16
4877550730623 -42 18
2892584683420 -42 20
1600947493724 -42 22
823207168163 -42 24
391288301549 -42 26
170974639460 -42 28
68257416509 -42 30
24726789676 -42 32
8064598501 -42 34
2346280431 -42 36
602070713 -42 38
134337635 -42 40
25573288 -42 42
4043797 -42 44
510190 -42 46
47926 -42 48
2925 -42 50
84 -42 52
2 -40 -54
347 -40 -52
8575 -40 -50
120560 -40 -48
1180781 -40 -46
8901977 -40 -44
54468366 -40 -42
279961080 -40 -40
1237391829 -40 -38
4783245946 -40 -36
16381768135 -40 -34
50217532484 -40 -32
138950984506 -40 -30
349541060918 -40 -28
804446447047 -40 -26
1703360848364 -40 -24
3335422556408 -40 -22
6068208728687 -40 -20
10301055176751 -40 -18
16378460249001 -40 -16
24473739738853 -40 -14
34469373312299 -40 -12
45872004963682 -40 -10
57800416148371 -40 -8
69070364048808 -40 -6
78373708937182 -40 -4
84517575942489 -40 -2
86665752583712 -40 0
84517575942489 -40 2
78373708937182 -40 4
69070364048808 -40 6
57800416148371 -40 8
45872004963682 -40 10
34469373312299 -40 12
24473739738853 -40 14
16378460249001 -40 16
10301055176751 -40 18
6068208728687 -40 20
3335422556408 -40 22
1703360848364 -40 24
804446447047 -40 26
349541060918 -40 28
138950984506 -40 30
50217532484 -40 32
16381768135 -40 34
4783245946 -40 36
1237391829 -40 38
279961080 -40 40
54468366 -40 42
8901977 -40 44
1180781 -40 46
120560 -40 48
8575 -40 50
347 -40 52
2 -40 54
26 -38 -54
1042 -38 -52
21867 -38 -50
278850 -38 -48
2570218 -38 -46
18575777 -38 -44
110447423 -38 -42
556895616 -38 -40
2431409237 -38 -38
9333049057 -38 -36
31867463488 -38 -34
97695896282 -38 -32
270994751904 -38 -30
684644435615 -38 -28
1584518979329 -38 -26
3376831743239 -38 -24
6658126488645 -38 -22
12198460732887 -38 -20
20849283150927 -38 -18
33363661855590 -38 -16
50147526060295 -38 -14
70997314706777 -38 -12
94906674967797 -38 -10
120028320170500 -38 -8
143847076229827 -38 -6
163561863053897 -38 -4
176604605403229 -38 -2
181169034544750 -38 0
176604605403229 -38 2
163561863053897 -38 4
143847076229827 -38 6
120028320170500 -38 8
94906674967797 -38 10
70997314706777 -38 12
50147526060295 -38 14
33363661855590 -38 16
20849283150927 -38 18
12198460732887 -38 20
6658126488645 -38 22
3376831743239 -38 24
1584518979329 -38 26
684644435615 -38 28
270994751904 -38 30
97695896282 -38 32
31867463488 -38 34
9333049057 -38 36
2431409237 -38 38
556895616 -38 40
110447423 -38 42
18575777 -38 44
2570218 -38 46
278850 -38 48
21867 -38 50
1042 -38 52
26 -38 54
58 -36 -54
2861 -36 -52
52079 -36 -50
608440 -36 -48
5297711 -36 -46
36881898 -36 -44
213820678 -36 -42
1060019165 -36 -40
4578049088 -36 -38
17464019279 -36 -36
59474417845 -36 -34
182372669031 -36 -32
507129945714 -36 -30
1286603249799 -36 -28
2993985172370 -36 -26
6421086124779 -36 -24
12747069237854 -36 -22
23517573891932 -36 -20
40471976085842 -36 -18
65186713930777 -36 -16
98566034728671 -36 -14
140290307885314 -36 -12
188395274083407 -36 -10
239167154873231 -36 -8
287479734122715 -36 -6
327576490134201 -36 -4
354151453472168 -36 -2
363460124373234 -36 0
354151453472168 -36 2
327576490134201 -36 4
287479734122715 -36 6
239167154873231 -36 8
188395274083407 -36 10
140290307885314 -36 12
98566034728671 -36 14
65186713930777 -36 16
40471976085842 -36 18
23517573891932 -36 20
12747069237854 -36 22
6421086124779 -36 24
2993985172370 -36 26
1286603249799 -36 28
507129945714 -36 30
182372669031 -36 32
59474417845 -36 34
17464019279 -36 36
4578049088 -36 38
1060019165 -36 40
213820678 -36 42
36881898 -36 44
5297711 -36 46
608440 -36 48
52079 -36 50
2861 -36 52
58 -36 54
252 -34 -54
7486 -34 -52
116442 -34 -50
1253797 -34 -48
10381141 -34 -46
69904233 -34 -44
396229580 -34 -42
1934812453 -34 -40
8275332318 -34 -38
31392303936 -34 -36
106660611196 -34 -34
327160417566 -34 -32
911906298485 -34 -30
2322804113313 -34 -28
5433603478514 -34 -26
11724418543042 -34 -24
23429623166175 -34 -22
43522448837459 -34 -20
75407638542443 -34 -18
122245521363417 -34 -16
185953758467420 -34 -14
266096063726841 -34 -12
359004447542503 -34 -10
457517430455932 -34 -8
551606186809954 -34 -6
629911895712284 -34 -4
681906943248673 -34 -2
700136607841034 -34 0
681906943248673 -34 2
629911895712284 -34 4
551606186809954 -34 6
457517430455932 -34 8
359004447542503 -34 10
266096063726841 -34 12
185953758467420 -34 14
122245521363417 -34 16
75407638542443 -34 18
43522448837459 -34 20
23429623166175 -34 22
11724418543042 -34 24
5433603478514 -34 26
2322804113313 -34 28
911906298485 -34 30
327160417566 -34 32
106660611196 -34 34
31392303936 -34 36
8275332318 -34 38
1934812453 -34 40
396229580 -34 42
69904233 -34 44
10381141 -34 46
1253797 -34 48
116442 -34 50
7486 -34 52
252 -34 54
11 -32 -56
801 -32 -54
17654 -32 -52
243340 -32 -50
2445852 -32 -48
19389234 -32 -46
126789669 -32 -44
704365782 -32 -42
3392748395 -32 -40
14383502078 -32 -38
54287435073 -32 -36
184064248078 -32 -34
564747589153 -32 -32
1577637988943 -32 -30
4033654351098 -32 -28
9482316365202 -32 -26
20579186947139 -32 -24
41385743438985 -32 -22
77385830089124 -32 -20
134966902739592 -32 -18
220196194842729 -32 -16
336948167088037 -32 -14
484760433075287 -32 -12
657079771266157 -32 -10
840657780704598 -32 -8
1016657603791197 -32 -6
1163552165452663 -32 -4
1261275669311414 -32 -2
1295570386467702 -32 0
1261275669311414 -32 2
1163552165452663 -32 4
1016657603791197 -32 6
840657780704598 -32 8
657079771266157 -32 10
484760433075287 -32 12
336948167088037 -32 14
220196194842729 -32 16
134966902739592 -32 18
77385830089124 -32 20
41385743438985 -32 22
20579186947139 -32 24
9482316365202 -32 26
4033654351098 -32 28
1577637988943 -32 30
564747589153 -32 32
184064248078 -32 34
54287435073 -32 36
14383502078 -32 38
3392748395 -32 40
704365782 -32 42
126789669 -32 44
19389234 -32 46
2445852 -32 48
243340 -32 50
17654 -32 52
801 -32 54
11 -32 56
54 -30 -56
1910 -30 -54
37166 -30 -52
474297 -30 -50
4529501 -30 -48
34613799 -30 -46
220561035 -30 -44
1203195094 -30 -42
5723923944 -30 -40
24071950921 -30 -38
90433010212 -30 -36
306022943120 -30 -34
939181677128 -30 -32
2628980490892 -30 -30
6745056825148 -30 -28
15929240958292 -30 -26
34758745804993 -30 -24
70320939764237 -30 -22
132319496371017 -30 -20
232243254883549 -30 -18
381247845057123 -30 -16
586794872153751 -30 -14
848689959850830 -30 -12
1155728927502019 -30 -10
1484393551879902 -30 -8
1800709049155299 -30 -6
2065484279999176 -30 -4
2241972092722268 -30 -2
2303968380382094 -30 0
2241972092722268 -30 2
2065484279999176 -30 4
1800709049155299 -30 6
1484393551879902 -30 8
1155728927502019 -30 10
848689959850830 -30 12
586794872153751 -30 14
381247845057123 -30 16
232243254883549 -30 18
132319496371017 -30 20
70320939764237 -30 22
34758745804993 -30 24
15929240958292 -30 26
6745056825148 -30 28
2628980490892 -30 30
939181677128 -30 32
306022943120 -30 34
90433010212 -30 36
24071950921 -30 38
5723923944 -30 40
1203195094 -30 42
220561035 -30 44
34613799 -30 46
4529501 -30 48
474297 -30 50
37166 -30 52
1910 -30 54
54 -30 56
100 -28 -56
4138 -28 -54
73804 -28 -52
879535 -28 -50
8003027 -28 -48
59176121 -28 -46
368452865 -28 -44
1977540836 -28 -42
9302743884 -28 -40
38835727150 -28 -38
145271575583 -28 -36
490701234167 -28 -34
1506246861589 -28 -32
4224079876803 -28 -30
10871967287778 -28 -28
25784295192574 -28 -26
56547172882629 -28 -24
115043257963087 -28 -22
217756722605952 -28 -20
384508844916748 -28 -18
634949713898275 -28 -16
982782969450799 -28 -14
1428757345710710 -28 -12
1954531836244172 -28 -10
2520031001062162 -28 -8
3066400493410713 -28 -6
3525093368180348 -28 -4
3831442670927277 -28 -2
3939163012395348 -28 0
3831442670927277 -28 2
3525093368180348 -28 4
3066400493410713 -28 6
2520031001062162 -28 8
1954531836244172 -28 10
1428757345710710 -28 12
982782969450799 -28 14
634949713898275 -28 16
384508844916748 -28 18
217756722605952 -28 20
115043257963087 -28 22
56547172882629 -28 24
25784295192574 -28 26
10871967287778 -28 28
4224079876803 -28 30
1506246861589 -28 32
490701234167 -28 34
145271575583 -28 36
38835727150 -28 38
9302743884 -28 40
1977540836 -28 42
368452865 -28 44
59176121 -28 46
8003027 -28 48
879535 -28 50
73804 -28 52
4138 -28 54
100 -28 56
340 -26 -56
9181 -26 -54
140287 -26 -52
1552776 -26 -50
13521491 -26 -48
97075857 -26 -46
592004507 -26 -44
3131057608 -26 -42
14579559058 -26 -40
60456293011 -26 -38
225252451672 -26 -36
759553149238 -26 -34
2331780076970 -26 -32
6549857619617 -26 -30
16906521399468 -26 -28
40251244691687 -26 -26
88684113413683 -26 -24
181361879219739 -26 -22
345186575674751 -26 -20
612978472290000 -26 -18
1017909828987781 -26 -16
1583996185136161 -26 -14
2314226893006475 -26 -12
3179832929179436 -26 -10
4115233947661692 -26 -8
5022487878971002 -26 -6
5786398660753536 -26 -4
6297607495509251 -26 -2
6477540907067042 -26 0
6297607495509251 -26 2
5786398660753536 -26 4
5022487878971002 -26 6
4115233947661692 -26 8
3179832929179436 -26 10
2314226893006475 -26 12
1583996185136161 -26 14
1017909828987781 -26 16
612978472290000 -26 18
345186575674751 -26 20
181361879219739 -26 22
88684113413683 -26 24
40251244691687 -26 26
16906521399468 -26 28
6549857619617 -26 30
2331780076970 -26 32
759553149238 -26 34
225252451672 -26 36
60456293011 -26 38
14579559058 -26 40
3131057608 -26 42
592004507 -26 44
97075857 -26 46
13521491 -26 48
1552776 -26 50
140287 -26 52
9181 -26 54
340 -26 56
21 -24 -58
889 -24 -56
18042 -24 -54
250095 -24 -52
2612089 -24 -50
21892599 -24 -48
153043018 -24 -46
915979705 -24 -44
4780457902 -24 -42
22054166819 -24 -40
90889207857 -24 -38
337400902054 -24 -36
1135852345072 -24 -34
3487124463988 -24 -32
9809139682002 -24 -30
25384514456128 -24 -28
60647316292814 -24 -26
134186986337086 -24 -24
275723523383090 -24 -22
527465896630368 -24 -20
941603047508769 -24 -18
1571830826965139 -24 -16
2458340488508157 -24 -14
3608561466750422 -24 -12
4979209582703205 -24 -10
6467168821964781 -24 -8
7915819488268171 -24 -6
9139129878186204 -24 -4
9959376493016487 -24 -2
10248369739315638 -24 0
9959376493016487 -24 2
9139129878186204 -24 4
7915819488268171 -24 6
6467168821964781 -24 8
4979209582703205 -24 10
3608561466750422 -24 12
2458340488508157 -24 14
1571830826965139 -24 16
941603047508769 -24 18
527465896630368 -24 20
275723523383090 -24 22
134186986337086 -24 24
60647316292814 -24 26
25384514456128 -24 28
9809139682002 -24 30
3487124463988 -24 32
1135852345072 -24 34
337400902054 -24 36
90889207857 -24 38
22054166819 -24 40
4780457902 -24 42
915979705 -24 44
153043018 -24 46
21892599 -24 48
2612089 -24 50
250095 -24 52
18042 -24 54
889 -24 56
21 -24 58
49 -22 -58
1686 -22 -56
32125 -22 -54
419213 -22 -52
4188886 -22 -50
33989924 -22 -48
232152617 -22 -46
1366223031 -22 -44
7044552701 -22 -42
32225141035 -22 -40
132056437820 -22 -38
488555308053 -22 -36
1642135287685 -22 -34
5041220940909 -22 -32
14198110358731 -22 -30
36826107549321 -22 -28
88258752249650 -22 -26
196024388629339 -22 -24
404526566105562 -22 -22
777478892901923 -22 -20
1394629478923988 -22 -18
2339368128808985 -22 -16
3675978900467307 -22 -14
5419692868499504 -22 -12
7507967846804630 -22 -10
9784917491992567 -22 -8
12009800980518483 -22 -6
13893886798101283 -22 -4
15159608040860986 -22 -2
15605984001516086 -22 0
15159608040860986 -22 2
13893886798101283 -22 4
12009800980518483 -22 6
9784917491992567 -22 8
7507967846804630 -22 10
5419692868499504 -22 12
3675978900467307 -22 14
2339368128808985 -22 16
1394629478923988 -22 18
777478892901923 -22 20
404526566105562 -22 22
196024388629339 -22 24
88258752249650 -22 26
36826107549321 -22 28
14198110358731 -22 30
5041220940909 -22 32
1642135287685 -22 34
488555308053 -22 36
132056437820 -22 38
32225141035 -22 40
7044552701 -22 42
1366223031 -22 44
232152617 -22 46
33989924 -22 48
4188886 -22 50
419213 -22 52
32125 -22 54
1686 -22 56
49 -22 58
81 -20 -58
3030 -20 -56
54255 -20 -54
669696 -20 -52
6427262 -20 -50
50685945 -20 -48
339098000 -20 -46
1965786084 -20 -44
10026323104 -20 -42
45513412092 -20 -40
185545609349 -20 -38
684277644698 -20 -36
2296556569450 -20 -34
7049390840016 -20 -32
19874366887347 -20 -30
51651293863850 -20 -28
124132935902364 -20 -26
276640490905661 -20 -24
573107330064913 -20 -22
1106122346719934 -20 -20
1992862969547134 -20 -18
3357654123525489 -20 -16
5298845642272598 -20 -14
7844141538832293 -20 -12
10906630557985584 -20 -10
14259581212446468 -20 -8
17547167983180024 -20 -6
20338631790523777 -20 -4
22217352398573479 -20 -2
22880525389254790 -20 0
22217352398573479 -20 2
20338631790523777 -20 4
17547167983180024 -20 6
14259581212446468 -20 8
10906630557985584 -20 10
7844141538832293 -20 12
5298845642272598 -20 14
3357654123525489 -20 16
1992862969547134 -20 18
1106122346719934 -20 20
573107330064913 -20 22
276640490905661 -20 24
124132935902364 -20 26
51651293863850 -20 28
19874366887347 -20 30
7049390840016 -20 32
2296556569450 -20 34
684277644698 -20 36
185545609349 -20 38
45513412092 -20 40
10026323104 -20 42
1965786084 -20 44
339098000 -20 46
50685945 -20 48
6427262 -20 50
669696 -20 52
54255 -20 54
3030 -20 56
81 -20 58
231 -18 -58
5771 -18 -56
88769 -18 -54
1024249 -18 -52
9455928 -18 -50
72679177 -18 -48
477359682 -18 -46
2730362767 -18 -44
13790283954 -18 -42
62165143954 -18 -40
252235871285 -18 -38
927517115318 -18 -36
3108461792855 -18 -34
9539735650217 -18 -32
26918121032463 -18 -30
70076938871139 -18 -28
168823815907825 -18 -26
377367793463687 -18 -24
784475000624565 -18 -22
1519760544508575 -18 -20
2748883463731700 -18 -18
4649893539538600 -18 -16
7366839745778377 -18 -14
10945805228441704 -18 -12
15270454550086723 -18 -10
20023291030122063 -18 -8
24698399425059062 -18 -6
28677909371474828 -18 -4
31360794570180629 -18 -2
32308654127513878 -18 0
31360794570180629 -18 2
28677909371474828 -18 4
24698399425059062 -18 6
20023291030122063 -18 8
15270454550086723 -18 10
10945805228441704 -18 12
7366839745778377 -18 14
4649893539538600 -18 16
2748883463731700 -18 18
1519760544508575 -18 20
784475000624565 -18 22
377367793463687 -18 24
168823815907825 -18 26
70076938871139 -18 28
26918121032463 -18 30
9539735650217 -18 32
3108461792855 -18 34
927517115318 -18 36
252235871285 -18 38
62165143954 -18 40
13790283954 -18 42
2730362767 -18 44
477359682 -18 46
72679177 -18 48
9455928 -18 50
1024249 -18 52
88769 -18 54
5771 -18 56
231 -18 58
18 -16 -60
499 -16 -58
9554 -16 -56
135849 -16 -54
1494460 -16 -52
13358500 -16 -50
100323111 -16 -48
648124960 -16 -46
3662743371 -16 -44
18338324108 -16 -42
82151595870 -16 -40
331905769167 -16 -38
1217206645935 -16 -36
4073776610050 -16 -34
12499048609545 -16 -32
35292004906281 -16 -30
92009828130979 -16 -28
222125921366495 -16 -26
497808864106362 -16 -24
1037968375077598 -16 -22
2017495135619975 -16 -20
3661855536559927 -16 -18
6216135495376881 -16 -16
9882481436440399 -16 -14
14732105831509036 -16 -12
20614764129834819 -16 -10
27102117686691739 -16 -8
33501944785527233 -16 -6
38961964821600030 -16 -4
42648734850075097 -16 -2
43952303551545312 -16 0
42648734850075097 -16 2
38961964821600030 -16 4
33501944785527233 -16 6
27102117686691739 -16 8
20614764129834819 -16 10
14732105831509036 -16 12
9882481436440399 -16 14
6216135495376881 -16 16
3661855536559927 -16 18
2017495135619975 -16 20
1037968375077598 -16 22
497808864106362 -16 24
222125921366495 -16 26
92009828130979 -16 28
35292004906281 -16 30
12499048609545 -16 32
4073776610050 -16 34
1217206645935 -16 36
331905769167 -16 38
82151595870 -16 40
18338324108 -16 42
3662743371 -16 44
648124960 -16 46
100323111 -16 48
13358500 -16 50
1494460 -16 52
135849 -16 54
9554 -16 56
499 -16 58
18 -16 60
20 -14 -60
728 -14 -58
14379 -14 -56
196345 -14 -54
2081434 -14 -52
18106765 -14 -50
133349949 -14 -48
849154161 -14 -46
4748046788 -14 -44
23587439045 -14 -42
105075749557 -14 -40
422885726281 -14 -38
1547065571071 -14 -36
5171109828793 -14 -34
15860917797159 -14 -32
44807161548236 -14 -30
116956171528247 -14 -28
282848258426074 -14 -26
635306681497248 -14 -24
1328093146268534 -14 -22
2588774600841749 -14 -20
4712926136138540 -14 -18
8024983501436342 -14 -16
12796947537293113 -14 -14
19132003032461187 -14 -12
26842619424742157 -14 -10
35371698156233395 -14 -8
43807417250970336 -14 -6
51018942719960168 -14 -4
55895177731106508 -14 -2
57620544638007466 -14 0
55895177731106508 -14 2
51018942719960168 -14 4
43807417250970336 -14 6
35371698156233395 -14 8
26842619424742157 -14 10
19132003032461187 -14 12
12796947537293113 -14 14
8024983501436342 -14 16
4712926136138540 -14 18
2588774600841749 -14 20
1328093146268534 -14 22
635306681497248 -14 24
282848258426074 -14 26
116956171528247 -14 28
44807161548236 -14 30
15860917797159 -14 32
5171109828793 -14 34
1547065571071 -14 36
422885726281 -14 38
105075749557 -14 40
23587439045 -14 42
4748046788 -14 44
849154161 -14 46
133349949 -14 48
18106765 -14 50
2081434 -14 52
196345 -14 54
14379 -14 56
728 -14 58
20 -14 60
30 -12 -60
1129 -12 -58
20719 -12 -56
269822 -12 -54
2773519 -12 -52
23582832 -12 -50
170774967 -12 -48
1073916458 -12 -46
5949238669 -12 -44
29352933310 -12 -42
130113543648 -12 -40
521853225724 -12 -38
1904897308012 -12 -36
6359514844298 -12 -34
19499059532731 -12 -32
55104484073579 -12 -30
143971404109172 -12 -28
348687328274423 -12 -26
784642273883430 -12 -24
1643844189633032 -12 -22
3211967981284646 -12 -20
5862410932821612 -12 -18
10008400724338156 -12 -16
16001110930581192 -12 -14
23981574613130053 -12 -12
33723195807053478 -12 -10
44527060540493738 -12 -8
55236436911229518 -12 -6
64407685855815795 -12 -4
70616517408690241 -12 -2
72814752716998746 -12 0
70616517408690241 -12 2
64407685855815795 -12 4
55236436911229518 -12 6
44527060540493738 -12 8
33723195807053478 -12 10
23981574613130053 -12 12
16001110930581192 -12 14
10008400724338156 -12 16
5862410932821612 -12 18
3211967981284646 -12 20
1643844189633032 -12 22
784642273883430 -12 24
348687328274423 -12 26
143971404109172 -12 28
55104484073579 -12 30
19499059532731 -12 32
6359514844298 -12 34
1904897308012 -12 36
521853225724 -12 38
130113543648 -12 40
29352933310 -12 42
5949238669 -12 44
1073916458 -12 46
170774967 -12 48
23582832 -12 50
2773519 -12 52
269822 -12 54
20719 -12 56
1129 -12 58
30 -12 60
77 -10 -60
1805 -10 -58
28892 -10 -56
356017 -10 -54
3545078 -10 -52
29532246 -10 -50
210759915 -10 -48
1311298826 -10 -46
7206555042 -10 -44
35346833220 -10 -42
156010708980 -10 -40
623836423178 -10 -38
2272672498525 -10 -36
7578913006789 -10 -34
23228821657511 -10 -32
65659012150209 -10 -30
171671686458684 -10 -28
416253453726734 -10 -26
938087130360046 -10 -24
1968794560925169 -10 -22
3854486079560951 -10 -20
7049902359409140 -10 -18
12061674056653178 -10 -16
19325097838353763 -10 -14
29022752798146001 -10 -12
40889170129628063 -10 -10
54078139291052341 -10 -8
67175955973233086 -10 -6
78408948651928208 -10 -4
86021204922872673 -10 -2
88717705804393558 -10 0
86021204922872673 -10 2
78408948651928208 -10 4
67175955973233086 -10 6
54078139291052341 -10 8
40889170129628063 -10 10
29022752798146001 -10 12
19325097838353763 -10 14
12061674056653178 -10 16
7049902359409140 -10 18
3854486079560951 -10 20
1968794560925169 -10 22
938087130360046 -10 24
416253453726734 -10 26
171671686458684 -10 28
65659012150209 -10 30
23228821657511 -10 32
7578913006789 -10 34
2272672498525 -10 36
623836423178 -10 38
156010708980 -10 40
35346833220 -10 42
7206555042 -10 44
1311298826 -10 46
210759915 -10 48
29532246 -10 50
3545078 -10 52
356017 -10 54
28892 -10 56
1805 -10 58
77 -10 60
7 -8 -62
135 -8 -60
2508 -8 -58
37634 -8 -56
446848 -8 -54
4343356 -8 -52
35571130 -8 -50
250763481 -8 -48
1546112896 -8 -46
8440323243 -8 -44
41193019886 -8 -42
181153119819 -8 -40
722502784850 -8 -38
2627596653270 -8 -36
8753704346645 -8 -34
26818480159465 -8 -32
75812491380182 -8 -30
198320363502814 -8 -28
481283534028432 -8 -26
1085888926149638 -8 -24
2282127776614566 -8 -22
4474824968699151 -8 -20
8198038411076724 -8 -18
14049903060399248 -8 -16
22548731422254268 -8 -14
33919048333971774 -8 -12
47858893903877346 -8 -10
63379097286475212 -8 -8
78814655072676950 -8 -6
92067840796403219 -8 -4
101056280441211062 -8 -2
104241564683528922 -8 0
101056280441211062 -8 2
92067840796403219 -8 4
78814655072676950 -8 6
63379097286475212 -8 8
47858893903877346 -8 10
33919048333971774 -8 12
22548731422254268 -8 14
14049903060399248 -8 16
8198038411076724 -8 18
4474824968699151 -8 20
2282127776614566 -8 22
1085888926149638 -8 24
481283534028432 -8 26
198320363502814 -8 28
75812491380182 -8 30
26818480159465 -8 32
8753704346645 -8 34
2627596653270 -8 36
722502784850 -8 38
181153119819 -8 40
41193019886 -8 42
8440323243 -8 44
1546112896 -8 46
250763481 -8 48
35571130 -8 50
4343356 -8 52
446848 -8 54
37634 -8 56
2508 -8 58
135 -8 60
7 -8 62
3 -6 -62
139 -6 -60
3113 -6 -58
46205 -6 -56
534530 -6 -54
5097947 -6 -52
41192745 -6 -50
287588702 -6 -48
1760403673 -6 -46
9558224875 -6 -44
46460302686 -6 -42
203707532833 -6 -40
810723549581 -6 -38
2944163094929 -6 -36
9799632738231 -6 -34
30010381059715 -6 -32
84833883042036 -6 -30
221988954994676 -6 -28
539039588928742 -6 -26
1217191027334957 -6 -24
2560616320725854 -6 -22
5026542692239424 -6 -20
9219975925410980 -6 -18
15821136188706284 -6 -16
25423134950768929 -6 -14
38288799369135223 -6 -12
54084295140323061 -6 -10
71692924241691016 -6 -8
89224480751420975 -6 -6
104290135642102387 -6 -4
114513807503850547 -6 -2
118137913361953408 -6 0
114513807503850547 -6 2
104290135642102387 -6 4
89224480751420975 -6 6
71692924241691016 -6 8
54084295140323061 -6 10
38288799369135223 -6 12
25423134950768929 -6 14
15821136188706284 -6 16
9219975925410980 -6 18
5026542692239424 -6 20
2560616320725854 -6 22
1217191027334957 -6 24
539039588928742 -6 26
221988954994676 -6 28
84833883042036 -6 30
30010381059715 -6 32
9799632738231 -6 34
2944163094929 -6 36
810723549581 -6 38
203707532833 -6 40
46460302686 -6 42
9558224875 -6 44
1760403673 -6 46
287588702 -6 48
41192745 -6 50
5097947 -6 52
534530 -6 54
46205 -6 56
3113 -6 58
139 -6 60
3 -6 62
4 -4 -62
195 -4 -60
3755 -4 -58
53513 -4 -56
609010 -4 -54
5733222 -4 -52
45874950 -4 -50
317907454 -4 -48
1935348425 -4 -46
10464820127 -4 -44
50709977005 -4 -42
221829965221 -4 -40
881372064738 -4 -38
3196987308669 -4 -36
10633164982199 -4 -34
32549795544690 -4 -32
92001724854617 -4 -30
240775928967914 -4 -28
584850438056298 -4 -26
1321285789997405 -4 -24
2781331705213859 -4 -22
5463737894898994 -4 -20
10029753949196921 -4 -18
17224712985098655 -4 -16
27701114874615563 -4 -14
41752277129420594 -4 -12
59019207128064475 -4 -10
78284136396099220 -4 -8
97478232198579744 -4 -6
113981679280854055 -4 -4
125185298885344513 -4 -2
129157546384494356 -4 0
125185298885344513 -4 2
113981679280854055 -4 4
97478232198579744 -4 6
78284136396099220 -4 8
59019207128064475 -4 10
41752277129420594 -4 12
27701114874615563 -4 14
17224712985098655 -4 16
10029753949196921 -4 18
5463737894898994 -4 20
2781331705213859 -4 22
1321285789997405 -4 24
584850438056298 -4 26
240775928967914 -4 28
92001724854617 -4 30
32549795544690 -4 32
10633164982199 -4 34
3196987308669 -4 36
881372064738 -4 38
221829965221 -4 40
50709977005 -4 42
10464820127 -4 44
1935348425 -4 46
317907454 -4 48
45874950 -4 50
5733222 -4 52
609010 -4 54
53513 -4 56
3755 -4 58
195 -4 60
4 -4 62
10 -2 -62
231 -2 -60
4234 -2 -58
59187 -2 -56
663115 -2 -54
6178970 -2 -52
49101804 -2 -50
338623248 -2 -48
2053919426 -2 -46
11075267825 -2 -44
53554905908 -2 -42
233901765978 -2 -40
928230288441 -2 -38
3364051012656 -2 -36
11182140753885 -2 -34
34217371539266 -2 -32
96696225033366 -2 -30
253050792374560 -2 -28
614716659317422 -2 -26
1389014487668379 -2 -24
2924674451335781 -2 -22
5747187847037776 -2 -20
10553930462436601 -2 -18
18131918410801432 -2 -16
29171475064166839 -2 -14
43985026801116166 -2 -12
62196931964854634 -2 -10
82524241352068975 -2 -8
102783580971368061 -2 -6
120207483571297942 -2 -4
132038077800609829 -2 -2
136232999042116830 -2 0
132038077800609829 -2 2
120207483571297942 -2 4
102783580971368061 -2 6
82524241352068975 -2 8
62196931964854634 -2 10
43985026801116166 -2 12
29171475064166839 -2 14
18131918410801432 -2 16
10553930462436601 -2 18
5747187847037776 -2 20
2924674451335781 -2 22
1389014487668379 -2 24
614716659317422 -2 26
253050792374560 -2 28
96696225033366 -2 30
34217371539266 -2 32
11182140753885 -2 34
3364051012656 -2 36
928230288441 -2 38
233901765978 -2 40
53554905908 -2 42
11075267825 -2 44
2053919426 -2 46
338623248 -2 48
49101804 -2 50
6178970 -2 52
663115 -2 54
59187 -2 56
4234 -2 58
231 -2 60
10 -2 62
1 0 -64
14 0 -62
268 0 -60
4536 0 -58
61856 0 -56
686781 0 -54
6374431 0 -52
50501332 0 -50
347438904 0 -48
2103550586 0 -46
11327157374 0 -44
54714101329 0 -42
238760905655 0 -40
946873137515 0 -38
3429778758705 0 -36
11395793145615 0 -34
34859567117923 0 -32
98485555182989 0 -30
257682192223503 0 -28
625873531484365 0 -26
1414067505495776 0 -24
2977185737520356 0 -22
5850040747604212 0 -20
10742369924010339 0 -18
18455124126894977 0 -16
29690810813271406 0 -14
44767285013570073 0 -12
63302089971881161 0 -10
83989399353983664 0 -8
104607125592708631 0 -6
122338937642695214 0 -4
134378433076866849 0 -2
138647395168674856 0 0
134378433076866849 0 2
122338937642695214 0 4
104607125592708631 0 6
83989399353983664 0 8
63302089971881161 0 10
44767285013570073 0 12
29690810813271406 0 14
18455124126894977 0 16
10742369924010339 0 18
5850040747604212 0 20
2977185737520356 0 22
1414067505495776 0 24
625873531484365 0 26
257682192223503 0 28
98485555182989 0 30
34859567117923 0 32
11395793145615 0 34
3429778758705 0 36
946873137515 0 38
238760905655 0 40
54714101329 0 42
11327157374 0 44
2103550586 0 46
347438904 0 48
50501332 0 50
6374431 0 52
686781 0 54
61856 0 56
4536 0 58
268 0 60
14 0 62
1 0 64
8 2 -62
251 2 -60
4467 2 -58
61144 2 -56
678452 2 -54
6293060 2 -52
49868428 2 -50
343177950 2 -48
2078204970 2 -46
11191471584 2 -44
54058047662 2 -42
235880659775 2 -40
935330829323 2 -38
3387359862310 2 -36
11252305820042 2 -34
34411423340530 2 -32
97189844060111 2 -30
254206218378573 2 -28
617204566285110 2 -26
1393935715559087 2 -24
2933594573180078 2 -22
5761939362669857 2 -20
10576027991030332 2 -18
18161545963479384 2 -16
29206264401129228 2 -14
44019205390116723 2 -12
62221629284225386 2 -10
82529506509853607 2 -8
102761876610629314 2 -6
120157375172834516 2 -4
131966218534766445 2 -2
136152977980225310 2 0
131966218534766445 2 2
120157375172834516 2 4
102761876610629314 2 6
82529506509853607 2 8
62221629284225386 2 10
44019205390116723 2 12
29206264401129228 2 14
18161545963479384 2 16
10576027991030332 2 18
5761939362669857 2 20
2933594573180078 2 22
1393935715559087 2 24
617204566285110 2 26
254206218378573 2 28
97189844060111 2 30
34411423340530 2 32
11252305820042 2 34
3387359862310 2 36
935330829323 2 38
235880659775 2 40
54058047662 2 42
11191471584 2 44
2078204970 2 46
343177950 2 48
49868428 2 50
6293060 2 52
678452 2 54
61144 2 56
4467 2 58
251 2 60
8 2 62
11 4 -62
234 4 -60
4123 4 -58
56822 4 -56
636231 4 -54
5938998 4 -52
47253952 4 -50
326168944 4 -48
1979490717 4 -46
10677018024 4 -44
51631525594 4 -42
225463547263 4 -40
894428572389 4 -38
3239885123352 4 -36
10762363702929 4 -34
32907136273566 4 -32
92910415551066 4 -30
242901486912406 4 -28
589422453911730 4 -26
1330317796670266 4 -24
2797677093753518 4 -22
5490718907638732 4 -20
10070088710757113 4 -18
17278669236707218 4 -16
27764309992259419 4 -14
41814174599614677 4 -12
59063717993401308 4 -10
78293301992024224 4 -8
97438531346569045 4 -6
113890633260970653 4 -4
125054989675396931 4 -2
129012514448503454 4 0
125054989675396931 4 2
113890633260970653 4 4
97438531346569045 4 6
78293301992024224 4 8
59063717993401308 4 10
41814174599614677 4 12
27764309992259419 4 14
17278669236707218 4 16
10070088710757113 4 18
5490718907638732 4 20
2797677093753518 4 22
1330317796670266 4 24
589422453911730 4 26
242901486912406 4 28
92910415551066 4 30
32907136273566 4 32
10762363702929 4 34
3239885123352 4 36
894428572389 4 38
225463547263 4 40
51631525594 4 42
10677018024 4 44
1979490717 4 46
326168944 4 48
47253952 4 50
5938998 4 52
636231 4 54
56822 4 56
4123 4 58
234 4 60
11 4 62
3 6 -62
169 6 -60
3435 6 -58
49635 6 -56
566466 6 -54
5349135 6 -52
42916325 6 -50
298033852 6 -48
1816768099 6 -46
9830947154 6 -44
47650815594 6 -42
208419190026 6 -40
827699399264 6 -38
3000030307366 6 -36
9968025326121 6 -34
30476138939659 6 -32
86017519442393 6 -30
224754195523104 6 -28
544976963543993 6 -26
1228893495191839 6 -24
2581736267813723 6 -22
5061294366786330 6 -20
9271742303720428 6 -18
15890111611050228 6 -16
25503565287796362 6 -14
38367161049726991 6 -12
54140166337042379 6 -10
71703709879634403 6 -8
89173344754664806 6 -6
104174202084938841 6 -4
114348448013376295 6 -2
117954042988314568 6 0
114348448013376295 6 2
104174202084938841 6 4
89173344754664806 6 6
71703709879634403 6 8
54140166337042379 6 10
38367161049726991 6 12
25503565287796362 6 14
15890111611050228 6 16
9271742303720428 6 18
5061294366786330 6 20
2581736267813723 6 22
1228893495191839 6 24
544976963543993 6 26
224754195523104 6 28
86017519442393 6 30
30476138939659 6 32
9968025326121 6 34
3000030307366 6 36
827699399264 6 38
208419190026 6 40
47650815594 6 42
9830947154 6 44
1816768099 6 46
298033852 6 48
42916325 6 50
5349135 6 52
566466 6 54
49635 6 56
3435 6 58
169 6 60
3 6 62
4 8 -62
126 8 -60
2655 8 -58
40315 8 -56
475856 8 -54
4587988 8 -52
37320705 8 -50
261600388 8 -48
1605498072 8 -46
8730795674 8 -44
42471033147 8 -42
186239795403 8 -40
740901764399 8 -38
2688295763212 8 -36
8936862207863 8 -34
27325063964762 8 -32
77098584429115 8 -30
201319289704898 8 -28
487705460162470 8 -26
1098502915174753 8 -24
2304799005920397 8 -22
4511952110204547 8 -20
8253047575657609 8 -18
14122765670240754 8 -16
22633132159081273 8 -14
34000618979034473 8 -12
47916293396830947 8 -10
63389027308925000 8 -8
78760032160931381 8 -6
91946083633239906 8 -4
100883511814088407 8 -2
104049726999387442 8 0
100883511814088407 8 2
91946083633239906 8 4
78760032160931381 8 6
63389027308925000 8 8
47916293396830947 8 10
34000618979034473 8 12
22633132159081273 8 14
14122765670240754 8 16
8253047575657609 8 18
4511952110204547 8 20
2304799005920397 8 22
1098502915174753 8 24
487705460162470 8 26
201319289704898 8 28
77098584429115 8 30
27325063964762 8 32
8936862207863 8 34
2688295763212 8 36
740901764399 8 38
186239795403 8 40
42471033147 8 42
8730795674 8 44
1605498072 8 46
261600388 8 48
37320705 8 50
4587988 8 52
475856 8 54
40315 8 56
2655 8 58
126 8 60
4 8 62
62 10 -60
1854 10 -58
30700 10 -56
378071 10 -54
3745314 10 -52
31024279 10 -50
220327575 10 -48
1364955234 10 -46
7473587975 10 -44
36535969148 10 -42
160783842109 10 -40
641198130690 10 -38
2330145128510 10 -36
7752603700538 10 -34
23709198282803 10 -32
66876791649566 10 -30
174503632437883 10 -28
422294241415392 10 -26
949893773022236 10 -24
1989888658951434 10 -22
3888793428172080 10 -20
7100341685362146 10 -18
12127911705457260 10 -16
19401084899074801 10 -14
29095327069591434 10 -12
40939238848196297 10 -10
54085263880281472 10 -8
67125513289992054 10 -6
78299177345602160 10 -4
85866607538949414 10 -2
88546397725201270 10 0
85866607538949414 10 2
78299177345602160 10 4
67125513289992054 10 6
54085263880281472 10 8
40939238848196297 10 10
29095327069591434 10 12
19401084899074801 10 14
12127911705457260 10 16
7100341685362146 10 18
3888793428172080 10 20
1989888658951434 10 22
949893773022236 10 24
422294241415392 10 26
174503632437883 10 28
66876791649566 10 30
23709198282803 10 32
7752603700538 10 34
2330145128510 10 36
641198130690 10 38
160783842109 10 40
36535969148 10 42
7473587975 10 44
1364955234 10 46
220327575 10 48
31024279 10 50
3745314 10 52
378071 10 54
30700 10 56
1854 10 58
62 10 60
45 12 -60
1197 12 -58
21621 12 -56
282399 12 -54
2902437 12 -52
24631180 12 -50
177885999 12 -48
1115408734 12 -46
6161230678 12 -44
30314726206 12 -42
134023301883 12 -40
536194314553 12 -38
1952606237885 12 -36
6504023563583 12 -34
19898701710942 12 -32
56115426126247 12 -30
146312888432152 12 -28
353653192517454 12 -26
794276926685726 12 -24
1660906172085507 12 -22
3239434946576001 12 -20
5902329568861867 12 -18
10060149114784513 12 -16
16059608462401757 12 -14
24036430961523173 12 -12
33759860773199514 12 -10
44530426086110027 12 -8
55196119183011800 12 -6
64322972626728283 12 -4
70498555359998650 12 -2
72684449441230586 12 0
70498555359998650 12 2
64322972626728283 12 4
55196119183011800 12 6
44530426086110027 12 8
33759860773199514 12 10
24036430961523173 12 12
16059608462401757 12 14
10060149114784513 12 16
5902329568861867 12 18
3239434946576001 12 20
1660906172085507 12 22
794276926685726 12 24
353653192517454 12 26
146312888432152 12 28
56115426126247 12 30
19898701710942 12 32
6504023563583 12 34
1952606237885 12 36
536194314553 12 38
134023301883 12 40
30314726206 12 42
6161230678 12 44
1115408734 12 46
177885999 12 48
24631180 12 50
2902437 12 52
282399 12 54
21621 12 56
1197 12 58
45 12 60
11 14 -60
670 14 -58
14192 14 -56
198778 14 -54
2132199 14 -52
18643206 14 -50
137492300 14 -48
875221878 14 -46
4887753722 14 -44
24241575891 14 -42
107792037182 14 -40
432988638566 14 -38
1580952726803 14 -36
5274128559623 14 -34
16145754248999 14 -32
45525116076394 14 -30
118608062324217 14 -28
286318713128260 14 -26
641958797497613 14 -24
1339701543002749 14 -22
2607143963120569 14 -20
4739102580611796 14 -18
8058164547700351 14 -16
12833487561781677 14 -14
19165132128844627 14 -12
26863422838953331 14 -10
35371437645331788 14 -8
43780566788330457 14 -6
50965757771589282 14 -4
55822597702222340 14 -2
57540825365517142 14 0
55822597702222340 14 2
50965757771589282 14 4
43780566788330457 14 6
35371437645331788 14 8
26863422838953331 14 10
19165132128844627 14 12
12833487561781677 14 14
8058164547700351 14 16
4739102580611796 14 18
2607143963120569 14 20
1339701543002749 14 22
641958797497613 14 24
286318713128260 14 26
118608062324217 14 28
45525116076394 14 30
16145754248999 14 32
5274128559623 14 34
1580952726803 14 36
432988638566 14 38
107792037182 14 40
24241575891 14 42
4887753722 14 44
875221878 14 46
137492300 14 48
18643206 14 50
2132199 14 52
198778 14 54
14192 14 56
670 14 58
11 14 60
5 16 -60
354 16 -58
8481 16 -56
130336 16 -54
1481611 16 -52
13436553 16 -50
101632520 16 -48
658734649 16 -46
3727704713 16 -44
18667379766 16 -42
83587024824 16 -40
337409549132 16 -38
1235992291133 16 -36
4131317407198 16 -34
12658051982346 16 -32
35689751157208 16 -30
92912184943674 16 -28
223983440519332 16 -26
501275299149649 16 -24
1043818835602076 16 -22
2026384314321170 16 -20
3673917870448915 16 -18
6230545407948512 16 -16
9897206360632963 16 -14
14744092993395056 16 -12
20620639415533178 16 -10
27099193297631187 16 -8
33489123635020198 16 -6
38940166511114136 16 -4
42620724346559124 16 -2
43922080279201010 16 0
42620724346559124 16 2
38940166511114136 16 4
33489123635020198 16 6
27099193297631187 16 8
20620639415533178 16 10
14744092993395056 16 12
9897206360632963 16 14
6230545407948512 16 16
3673917870448915 16 18
2026384314321170 16 20
1043818835602076 16 22
501275299149649 16 24
223983440519332 16 26
92912184943674 16 28
35689751157208 16 30
12658051982346 16 32
4131317407198 16 34
1235992291133 16 36
337409549132 16 38
83587024824 16 40
18667379766 16 42
3727704713 16 44
658734649 16 46
101632520 16 48
13436553 16 50
1481611 16 52
130336 16 54
8481 16 56
354 16 58
5 16 60
146 18 -58
4719 18 -56
80428 18 -54
972323 18 -52
9202575 18 -50
71726371 18 -48
475038811 18 -46
2730499921 18 -44
13830508278 18 -42
62442423923 18 -40
253533330544 18 -38
932393375015 18 -36
3123979943477 18 -34
9582493109402 18 -32
27020977057956 18 -30
70292937978758 18 -28
169216238807604 18 -26
377970325175705 18 -24
785212406004557 18 -22
1520349386233913 18 -20
2748782359419327 18 -18
4648408108927806 18 -16
7363453329772762 18 -14
10940661438179391 18 -12
15264720386657968 18 -10
20019039733497954 18 -8
24697842289844697 18 -6
28682242913683759 18 -4
31369323851584918 18 -2
32318837512740056 18 0
31369323851584918 18 2
28682242913683759 18 4
24697842289844697 18 6
20019039733497954 18 8
15264720386657968 18 10
10940661438179391 18 12
7363453329772762 18 14
4648408108927806 18 16
2748782359419327 18 18
1520349386233913 18 20
785212406004557 18 22
377970325175705 18 24
169216238807604 18 26
70292937978758 18 28
27020977057956 18 30
9582493109402 18 32
3123979943477 18 34
932393375015 18 36
253533330544 18 38
62442423923 18 40
13830508278 18 42
2730499921 18 44
475038811 18 46
71726371 18 48
9202575 18 50
972323 18 52
80428 18 54
4719 18 56
146 18 58
60 20 -58
2319 20 -56
45725 20 -54
600088 20 -52
5981731 20 -50
48276849 20 -48
327808248 20 -46
1918769626 20 -44
9849086962 20 -42
44898554306 20 -40
183553189209 20 -38
678177010966 20 -36
2278781800775 20 -34
7000066144527 20 -32
19744539382767 20 -30
51329622281937 20 -28
123389473269833 20 -26
275051785775954 20 -24
569994316291731 20 -22
1100575039220200 20 -20
1983956527175987 20 -18
3344931472396310 20 -16
5283002144557006 20 -14
7827620948247247 20 -12
10893661665243554 20 -10
14255261391700266 20 -8
17555638945147176 20 -6
20361027675906360 20 -4
22250606529514180 20 -2
22917887291198946 20 0
22250606529514180 20 2
20361027675906360 20 4
17555638945147176 20 6
14255261391700266 20 8
10893661665243554 20 10
7827620948247247 20 12
5283002144557006 20 14
3344931472396310 20 16
1983956527175987 20 18
1100575039220200 20 20
569994316291731 20 22
275051785775954 20 24
123389473269833 20 26
51329622281937 20 28
19744539382767 20 30
7000066144527 20 32
2278781800775 20 34
678177010966 20 36
183553189209 20 38
44898554306 20 40
9849086962 20 42
1918769626 20 44
327808248 20 46
48276849 20 48
5981731 20 50
600088 20 52
45725 20 54
2319 20 56
60 20 58
12 22 -58
1043 22 -56
24238 22 -54
348110 22 -52
3677743 22 -50
30927505 22 -48
216171614 22 -46
1292160918 22 -44
6734901695 22 -42
31045284163 22 -40
127928507524 22 -38
475227939278 22 -36
1602310705545 22 -34
4930934979202 22 -32
13915171435961 22 -30
36154647346997 22 -28
86788237689328 22 -26
193062136492681 22 -24
399061162756789 22 -22
768295632454039 22 -20
1380689725983123 22 -18
2320488691359490 22 -16
3653654612530773 22 -14
5397660950322101 22 -12
7491983970509739 22 -10
9781402820078924 22 -8
12023564202240343 22 -6
13925787421023317 22 -4
15205355871806793 22 -2
15656918497094096 22 0
15205355871806793 22 2
13925787421023317 22 4
12023564202240343 22 6
9781402820078924 22 8
7491983970509739 22 10
5397660950322101 22 12
3653654612530773 22 14
2320488691359490 22 16
1380689725983123 22 18
768295632454039 22 20
399061162756789 22 22
193062136492681 22 24
86788237689328 22 26
36154647346997 22 28
13915171435961 22 30
4930934979202 22 32
1602310705545 22 34
475227939278 22 36
127928507524 22 38
31045284163 22 40
6734901695 22 42
1292160918 22 44
216171614 22 46
30927505 22 48
3677743 22 50
348110 22 52
24238 22 54
1043 22 56
12 22 58
2 24 -58
404 24 -56
11612 24 -54
188276 24 -52
2137368 24 -50
18832185 24 -48
136045334 24 -46
832849522 24 -44
4417426759 24 -42
20622823973 24 -40
85755777101 24 -38
320563321982 24 -36
1085174786908 24 -34
3346877166990 24 -32
9451989810829 24 -30
24547801666102 24 -28
58846043540047 24 -26
130631116362399 24 -24
269307700969965 24 -22
516937133202354 24 -20
926005410601358 24 -18
1551225758683338 24 -16
2434601402519000 24 -14
3585821366155474 24 -12
4963473861201130 24 -10
6464846117547709 24 -8
7931462308032242 24 -6
9173252606325742 24 -4
10007436554187041 24 -2
10301619926955292 24 0
10007436554187041 24 2
9173252606325742 24 4
7931462308032242 24 6
6464846117547709 24 8
4963473861201130 24 10
3585821366155474 24 12
2434601402519000 24 14
1551225758683338 24 16
926005410601358 24 18
516937133202354 24 20
269307700969965 24 22
130631116362399 24 24
58846043540047 24 26
24547801666102 24 28
9451989810829 24 30
3346877166990 24 32
1085174786908 24 34
320563321982 24 36
85755777101 24 38
20622823973 24 40
4417426759 24 42
832849522 24 44
136045334 24 46
18832185 24 48
2137368 24 50
188276 24 52
11612 24 54
404 24 56
2 24 58
129 26 -56
5158 26 -54
94979 26 -52
1168476 26 -50
10870138 26 -48
81573805 26 -46
513158078 26 -44
2776049720 26 -42
13147822740 26 -40
55239351983 26 -38
207973727695 26 -36
707319298765 26 -34
2187289668106 26 -32
6183584852199 26 -30
16055299775807 26 -28
38438565343505 26 -26
85152445575369 26 -24
175083730834338 26 -22
335048783035192 26 -20
598214916803634 26 -18
998754432233694 26 -16
1562349875098382 26 -14
2293961759873296 26 -12
3166341508689961 26 -10
4114075258707843 26 -8
5037440535707859 26 -6
5817670174731229 26 -4
6341071046976779 26 -2
6525524245821874 26 0
6341071046976779 26 2
5817670174731229 26 4
5037440535707859 26 6
4114075258707843 26 8
3166341508689961 26 10
2293961759873296 26 12
1562349875098382 26 14
998754432233694 26 16
598214916803634 26 18
335048783035192 26 20
175083730834338 26 22
85152445575369 26 24
38438565343505 26 26
16055299775807 26 28
6183584852199 26 30
2187289668106 26 32
707319298765 26 34
207973727695 26 36
55239351983 26 38
13147822740 26 40
2776049720 26 42
513158078 26 44
81573805 26 46
10870138 26 48
1168476 26 50
94979 26 52
5158 26 54
129 26 56
28 28 -56
1983 28 -54
44136 28 -52
599477 28 -50
5939842 28 -48
46520172 28 -46
301790478 28 -44
1669502222 28 -42
8036484908 28 -40
34160258139 28 -38
129660744726 28 -36
443343235326 28 -34
1375294278057 28 -32
3893361050531 28 -30
10108415402140 28 -28
24172788643393 28 -26
53441420633490 28 -24
109590431155640 28 -22
209070905221416 28 -20
372042943373175 28 -18
619024129817133 28 -16
965087111087241 28 -14
1412524876483417 28 -12
1944107283700398 28 -10
2519758862007259 28 -8
3079115540375031 28 -6
3550790871312699 28 -4
3866761343041392 28 -2
3978034430753302 28 0
3866761343041392 28 2
3550790871312699 28 4
3079115540375031 28 6
2519758862007259 28 8
1944107283700398 28 10
1412524876483417 28 12
965087111087241 28 14
619024129817133 28 16
372042943373175 28 18
209070905221416 28 20
109590431155640 28 22
53441420633490 28 24
24172788643393 28 26
10108415402140 28 28
3893361050531 28 30
1375294278057 28 32
443343235326 28 34
129660744726 28 36
34160258139 28 38
8036484908 28 40
1669502222 28 42
301790478 28 44
46520172 28 46
5939842 28 48
599477 28 50
44136 28 52
1983 28 54
28 28 56
4 30 -56
685 30 -54
18778 30 -52
287024 30 -50
3058795 30 -48
25184859 30 -46
169175366 30 -44
959692468 30 -42
4704462487 30 -40
20260821885 30 -38
77612878453 30 -36
267007022870 30 -34
831338649630 30 -32
2357565498533 30 -30
6122217851250 30 -28
14625526111707 30 -26
32271331469922 30 -24
66003718502679 30 -22
125529007392714 30 -20
222628674099227 30 -18
369140581311427 30 -16
573551613265004 30 -14
836773370479087 30 -12
1148342691096946 30 -10
1484652962116316 30 -8
1810567897358078 30 -6
2084827016099272 30 -4
2268292751867483 30 -2
2332856749509550 30 0
2268292751867483 30 2
2084827016099272 30 4
1810567897358078 30 6
1484652962116316 30 8
1148342691096946 30 10
836773370479087 30 12
573551613265004 30 14
369140581311427 30 16
222628674099227 30 18
125529007392714 30 20
66003718502679 30 22
32271331469922 30 24
14625526111707 30 26
6122217851250 30 28
2357565498533 30 30
831338649630 30 32
267007022870 30 34
77612878453 30 36
20260821885 30 38
4704462487 30 40
959692468 30 42
169175366 30 44
25184859 30 46
3058795 30 48
287024 30 50
18778 30 52
685 30 54
4 30 56
178 32 -54
7197 32 -52
127690 32 -50
1482212 32 -48
12911802 32 -46
90228041 32 -44
526542709 32 -42
2634596594 32 -40
11514419207 32 -38
44566254668 32 -36
154386761407 32 -34
482749965375 32 -32
1371971944044 32 -30
3564488629761 32 -28
8508150350675 32 -26
18738670315014 32 -24
38226821345216 32 -22
72477651842738 32 -20
128107695980710 32 -18
211677330409363 32 -16
327769321096867 32 -14
476653063929922 32 -12
652230707912292 32 -10
841138932921797 32 -8
1023719278821305 32 -6
1177046611561025 32 -4
1279472595524738 32 -2
1315492407157178 32 0
1279472595524738 32 2
1177046611561025 32 4
1023719278821305 32 6
841138932921797 32 8
652230707912292 32 10
476653063929922 32 12
327769321096867 32 14
211677330409363 32 16
128107695980710 32 18
72477651842738 32 20
38226821345216 32 22
18738670315014 32 24
8508150350675 32 26
3564488629761 32 28
1371971944044 32 30
482749965375 32 32
154386761407 32 34
44566254668 32 36
11514419207 32 38
2634596594 32 40
526542709 32 42
90228041 32 44
12911802 32 46
1482212 32 48
127690 32 50
7197 32 52
178 32 54
38 34 -54
2454 34 -52
51958 34 -50
671453 34 -48
6249996 34 -46
45702783 34 -44
275356605 34 -42
1409736364 34 -40
6263571949 34 -38
24526121354 34 -36
85634334319 34 -34
269091716980 34 -32
766756753421 34 -30
1993659102644 34 -28
4755672621350 34 -26
10456039524177 34 -24
21276668735248 34 -22
40217346783923 34 -20
70847262214568 34 -18
116657054540211 34 -16
180018939590706 34 -14
260947242247608 34 -12
356033573393273 34 -10
458012033906522 34 -8
556315078407957 34 -6
638701872925714 34 -4
693663318943708 34 -2
712978244780178 34 0
693663318943708 34 2
638701872925714 34 4
556315078407957 34 6
458012033906522 34 8
356033573393273 34 10
260947242247608 34 12
180018939590706 34 14
116657054540211 34 16
70847262214568 34 18
40217346783923 34 20
21276668735248 34 22
10456039524177 34 24
4755672621350 34 26
1993659102644 34 28
766756753421 34 30
269091716980 34 32
85634334319 34 34
24526121354 34 36
6263571949 34 38
1409736364 34 40
275356605 34 42
45702783 34 44
6249996 34 46
671453 34 48
51958 34 50
2454 34 52
38 34 54
2 36 -54
690 36 -52
19378 36 -50
283095 36 -48
2847027 36 -46
21923685 36 -44
137000811 36 -42
719805372 36 -40
3257910497 36 -38
12924148433 36 -36
45527622512 36 -34
143872880709 36 -32
411232953170 36 -30
1070460086456 36 -28
2552417898607 36 -26
5602979668167 36 -24
11373611047638 36 -22
21433962966400 36 -20
37632423534100 36 -18
61751441748303 36 -16
94967724646020 36 -14
137221379865154 36 -12
186686491310660 36 -10
239570644211426 36 -8
290418080766355 36 -6
332949715754734 36 -4
361286020929423 36 -2
371237606269400 36 0
361286020929423 36 2
332949715754734 36 4
290418080766355 36 6
239570644211426 36 8
186686491310660 36 10
137221379865154 36 12
94967724646020 36 14
61751441748303 36 16
37632423534100 36 18
21433962966400 36 20
11373611047638 36 22
5602979668167 36 24
2552417898607 36 26
1070460086456 36 28
411232953170 36 30
143872880709 36 32
45527622512 36 34
12924148433 36 36
3257910497 36 38
719805372 36 40
137000811 36 42
21923685 36 44
2847027 36 46
283095 36 48
19378 36 50
690 36 52
2 36 54
160 38 -52
6360 38 -50
109755 38 -48
1214073 38 -46
9937009 38 -44
64717796 38 -42
350158101 38 -40
1618201446 38 -38
6514456251 38 -36
23179461206 38 -34
73723324238 38 -32
211497366341 38 -30
551366019355 38 -28
1314462712120 38 -26
2881350214620 38 -24
5835267368719 38 -22
10964411363203 38 -20
19187294381566 38 -18
31377080377353 38 -16
48092977311743 38 -14
69272411484240 38 -12
93978572186937 38 -10
120312312716758 38 -8
145569559765078 38 -6
166656905438118 38 -4
180688723250827 38 -2
185613566136686 38 0
180688723250827 38 2
166656905438118 38 4
145569559765078 38 6
120312312716758 38 8
93978572186937 38 10
69272411484240 38 12
48092977311743 38 14
31377080377353 38 16
19187294381566 38 18
10964411363203 38 20
5835267368719 38 22
2881350214620 38 24
1314462712120 38 26
551366019355 38 28
211497366341 38 30
73723324238 38 32
23179461206 38 34
6514456251 38 36
1618201446 38 38
350158101 38 40
64717796 38 42
9937009 38 44
1214073 38 46
109755 38 48
6360 38 50
160 38 52
17 40 -52
1820 40 -50
38951 40 -48
481809 40 -46
4235290 40 -44
28948459 40 -42
161978287 40 -40
766481078 40 -38
3137179397 40 -36
11289866793 40 -34
36173343986 40 -32
104220470167 40 -30
272221332783 40 -28
649043619247 40 -26
1420943136960 40 -24
2871271016859 40 -22
5379621829011 40 -20
9383737482812 40 -18
15293807641791 40 -16
23364460996526 40 -14
33550790417796 40 -12
45392863442403 40 -10
57978707832950 40 -8
70022140654964 40 -6
80059847538026 40 -4
86731411213295 40 -2
89071637667654 40 0
86731411213295 40 2
80059847538026 40 4
70022140654964 40 6
57978707832950 40 8
45392863442403 40 10
33550790417796 40 12
23364460996526 40 14
15293807641791 40 16
9383737482812 40 18
5379621829011 40 20
2871271016859 40 22
1420943136960 40 24
649043619247 40 26
272221332783 40 28
104220470167 40 30
36173343986 40 32
11289866793 40 34
3137179397 40 36
766481078 40 38
161978287 40 40
28948459 40 42
4235290 40 44
481809 40 46
38951 40 48
1820 40 50
17 40 52
414 42 -50
12196 42 -48
176328 42 -46
1689712 42 -44
12223842 42 -42
71077982 42 -40
345571302 42 -38
1441336147 42 -36
5254382661 42 -34
16977597409 42 -32
49160062491 42 -30
128711476809 42 -28
307006143054 42 -26
671412255664 42 -24
1353862180577 42 -22
2529571218160 42 -20
4398506566759 42 -18
7145426263043 42 -16
10881490097373 42 -14
15579699399005 42 -12
21024162829963 42 -10
26795185240435 42 -8
32305851625794 42 -6
36891605522967 42 -4
39936408989414 42 -2
41003919512238 42 0
39936408989414 42 2
36891605522967 42 4
32305851625794 42 6
26795185240435 42 8
21024162829963 42 10
15579699399005 42 12
10881490097373 42 14
7145426263043 42 16
4398506566759 42 18
2529571218160 42 20
1353862180577 42 22
671412255664 42 24
307006143054 42 26
128711476809 42 28
49160062491 42 30
16977597409 42 32
5254382661 42 34
1441336147 42 36
345571302 42 38
71077982 42 40
12223842 42 42
1689712 42 44
176328 42 46
12196 42 48
414 42 50
58 44 -50
3386 44 -48
58604 44 -46
626410 44 -44
4846951 44 -42
29500669 44 -40
147957732 44 -38
630620402 44 -36
2333076228 44 -34
7611881464 44 -32
22170229917 44 -30
58217186624 44 -28
138967061487 44 -26
303661647912 44 -24
611126497464 44 -22
1138818839886 44 -20
1974257822928 44 -18
3197237289088 44 -16
4854341709268 44 -14
6931192169341 44 -12
9331008933285 44 -10
11868788103900 44 -8
14287633864087 44 -6
16297801674501 44 -4
17631335306919 44 -2
18098672211738 44 0
17631335306919 44 2
16297801674501 44 4
14287633864087 44 6
11868788103900 44 8
9331008933285 44 10
6931192169341 44 12
4854341709268 44 14
3197237289088 44 16
1974257822928 44 18
1138818839886 44 20
611126497464 44 22
303661647912 44 24
138967061487 44 26
58217186624 44 28
22170229917 44 30
7611881464 44 32
2333076228 44 34
630620402 44 36
147957732 44 38
29500669 44 40
4846951 44 42
626410 44 44
58604 44 46
3386 44 48
58 44 50
731 46 -48
17378 46 -46
213879 46 -44
1795858 46 -42
11530379 46 -40
59982663 46 -38
262149199 46 -36
986542257 46 -34
3254876831 46 -32
9545067135 46 -30
25154932240 46 -28
60116403589 46 -26
131289035192 46 -24
263762775099 46 -22
490302895955 46 -20
847594970123 46 -18
1368695652504 46 -16
2072392683818 46 -14
2951757961663 46 -12
3965410052582 46 -10
5035266693040 46 -8
6053484004682 46 -6
6898775720582 46 -4
7459155920960 46 -2
7655473582642 46 0
7459155920960 46 2
6898775720582 46 4
6053484004682 46 6
5035266693040 46 8
3965410052582 46 10
2951757961663 46 12
2072392683818 46 14
1368695652504 46 16
847594970123 46 18
490302895955 46 20
263762775099 46 22
131289035192 46 24
60116403589 46 26
25154932240 46 28
9545067135 46 30
3254876831 46 32
986542257 46 34
262149199 46 36
59982663 46 38
11530379 46 40
1795858 46 42
213879 46 44
17378 46 46
731 46 48
108 48 -48
4470 48 -46
65793 48 -44
615873 48 -42
4221900 48 -40
22938433 48 -38
103220321 48 -36
396237053 48 -34
1324458139 48 -32
3915576592 48 -30
10364393390 48 -28
24811011905 48 -26
54173939027 48 -24
108676716644 48 -22
201572947932 48 -20
347586029234 48 -18
559860237974 48 -16
845717813907 48 -14
1202119299072 48 -12
1612207334384 48 -10
2044441420513 48 -8
2455398105756 48 -6
2796320771040 48 -4
3022226174068 48 -2
3101350552552 48 0
3022226174068 48 2
2796320771040 48 4
2455398105756 48 6
2044441420513 48 8
1612207334384 48 10
1202119299072 48 12
845717813907 48 14
559860237974 48 16
347586029234 48 18
201572947932 48 20
108676716644 48 22
54173939027 48 24
24811011905 48 26
10364393390 48 28
3915576592 48 30
1324458139 48 32
396237053 48 34
103220321 48 36
22938433 48 38
4221900 48 40
615873 48 42
65793 48 44
4470 48 46
108 48 48
907 50 -46
18190 50 -44
193516 50 -42
1438122 50 -40
8227098 50 -38
38351185 50 -36
150699771 50 -34
511527533 50 -32
1526725365 50 -30
4062682426 50 -28
9748278249 50 -26
21290024872 50 -24
42662810862 50 -22
78988001106 50 -20
135922402358 50 -18
218489581911 50 -16
329462848559 50 -14
467628741462 50 -12
626454324076 50 -10
793749951476 50 -8
952741766371 50 -6
1084597796333 50 -4
1171951001932 50 -2
1202543922726 50 0
1171951001932 50 2
1084597796333 50 4
952741766371 50 6
793749951476 50 8
626454324076 50 10
467628741462 50 12
329462848559 50 14
218489581911 50 16
135922402358 50 18
78988001106 50 20
42662810862 50 22
21290024872 50 24
9748278249 50 26
4062682426 50 28
1526725365 50 30
511527533 50 32
150699771 50 34
38351185 50 36
8227098 50 38
1438122 50 40
193516 50 42
18190 50 44
907 50 46
124 52 -46
4179 52 -44
54582 52 -42
450967 52 -40
2754223 52 -38
13380299 52 -36
54052036 52 -34
186830474 52 -32
563965721 52 -30
1510566701 52 -28
3635753233 52 -26
7946751234 52 -24
15915816054 52 -22
29431014698 52 -20
50573808342 52 -18
81193892965 52 -16
122317758472 52 -14
173506976744 52 -12
232358150882 52 -10
294364407826 52 -8
353307337443 52 -6
402196633979 52 -4
434588674228 52 -2
445932579226 52 0
434588674228 52 2
402196633979 52 4
353307337443 52 6
294364407826 52 8
232358150882 52 10
173506976744 52 12
122317758472 52 14
81193892965 52 16
50573808342 52 18
29431014698 52 20
15915816054 52 22
7946751234 52 24
3635753233 52 26
1510566701 52 28
563965721 52 30
186830474 52 32
54052036 52 34
13380299 52 36
2754223 52 38
450967 52 40
54582 52 42
4179 52 44
124 52 46
797 54 -44
13710 54 -42
128443 54 -40
850952 54 -38
4352219 54 -36
18191404 54 -34
64249653 54 -32
196601735 54 -30
530755781 54 -28
1282590817 54 -26
2807888154 54 -24
5624660697 54 -22
10396692128 54 -20
17857814432 54 -18
28665493406 54 -16
43193237841 54 -14
61300323919 54 -12
82147929673 54 -10
104142071557 54 -8
125070222485 54 -6
142440188927 54 -4
153953074067 54 -2
157985574944 54 0
153953074067 54 2
142440188927 54 4
125070222485 54 6
104142071557 54 8
82147929673 54 10
61300323919 54 12
43193237841 54 14
28665493406 54 16
17857814432 54 18
10396692128 54 20
5624660697 54 22
2807888154 54 24
1282590817 54 26
530755781 54 28
196601735 54 30
64249653 54 32
18191404 54 34
4352219 54 36
850952 54 38
128443 54 40
13710 54 42
797 54 44
93 56 -44
2763 56 -42
32894 56 -40
240638 56 -38
1313549 56 -36
5708194 56 -34
20691411 56 -32
64352985 56 -30
175387903 56 -28
426063173 56 -26
935120078 56 -24
1875304853 56 -22
3469051504 56 -20
5964218707 56 -18
9586732735 56 -16
14470656119 56 -14
20577746742 56 -12
27630319621 56 -10
35088976011 56 -8
42198781520 56 -6
48106887184 56 -4
52024872797 56 -2
53397812624 56 0
52024872797 56 2
48106887184 56 4
42198781520 56 6
35088976011 56 8
27630319621 56 10
20577746742 56 12
14470656119 56 14
9586732735 56 16
5964218707 56 18
3469051504 56 20
1875304853 56 22
935120078 56 24
426063173 56 26
175387903 56 28
64352985 56 30
20691411 56 32
5708194 56 34
1313549 56 36
240638 56 38
32894 56 40
2763 56 42
93 56 44
497 58 -42
7261 58 -40
61126 58 -38
361775 58 -36
1655886 58 -34
6198439 58 -32
19651035 58 -30
54191154 58 -28
132514277 58 -26
291906609 58 -24
586914005 58 -22
1088329309 58 -20
1876479525 58 -18
3026609755 58 -16
4586003326 58 -14
6546656269 58 -12
8821512441 58 -10
11236037217 58 -8
13543414783 58 -6
15463689171 58 -4
16738127856 58 -2
17184858674 58 0
16738127856 58 2
15463689171 58 4
13543414783 58 6
11236037217 58 8
8821512441 58 10
6546656269 58 12
4586003326 58 14
3026609755 58 16
1876479525 58 18
1088329309 58 20
586914005 58 22
291906609 58 24
132514277 58 26
54191154 58 28
19651035 58 30
6198439 58 32
1655886 58 34
361775 58 36
61126 58 38
7261 58 40
497 58 42
46 60 -42
1293 60 -40
14011 60 -38
90619 60 -36
441464 60 -34
1712541 60 -32
5559898 60 -30
15550891 60 -28
38331782 60 -26
84887095 60 -24
171414603 60 -22
319293212 60 -20
553518590 60 -18
898318068 60 -16
1369978640 60 -14
1967688105 60 -12
2665589671 60 -10
3409843651 60 -8
4123327970 60 -6
4718145244 60 -4
5113390279 60 -2
5251916400 60 0
5113390279 60 2
4718145244 60 4
4123327970 60 6
3409843651 60 8
2665589671 60 10
1967688105 60 12
1369978640 60 14
898318068 60 16
553518590 60 18
319293212 60 20
171414603 60 22
84887095 60 24
38331782 60 26
15550891 60 28
5559898 60 30
1712541 60 32
441464 60 34
90619 60 36
14011 60 38
1293 60 40
46 60 42
216 62 -40
2613 62 -38
20114 62 -36
105762 62 -34
431643 62 -32
1442151 62 -30
4098245 62 -28
10211762 62 -26
22785741 62 -24
46313314 62 -22
86941577 62 -20
152090898 62 -18
249284214 62 -16
383935746 62 -14
556383415 62 -12
759335926 62 -10
976919928 62 -8
1186240227 62 -6
1361143792 62 -4
1477533731 62 -2
1518343896 62 0
1477533731 62 2
1361143792 62 4
1186240227 62 6
976919928 62 8
759335926 62 10
556383415 62 12
383935746 62 14
249284214 62 16
152090898 62 18
86941577 62 20
46313314 62 22
22785741 62 24
10211762 62 26
4098245 62 28
1442151 62 30
431643 62 32
105762 62 34
20114 62 36
2613 62 38
216 62 40
14 64 -40
425 64 -38
4018 64 -36
22832 64 -34
98514 64 -32
339126 64 -30
983815 64 -28
2483692 64 -26
5592970 64 -24
11487034 64 -22
21829855 64 -20
38716028 64 -18
64385875 64 -16
100523550 64 -14
147396443 64 -12
203082347 64 -10
263148567 64 -8
321124144 64 -6
369673291 64 -4
401996776 64 -2
413353776 64 0
401996776 64 2
369673291 64 4
321124144 64 6
263148567 64 8
203082347 64 10
147396443 64 12
100523550 64 14
64385875 64 16
38716028 64 18
21829855 64 20
11487034 64 22
5592970 64 24
2483692 64 26
983815 64 28
339126 64 30
98514 64 32
22832 64 34
4018 64 36
425 64 38
14 64 40
60 66 -38
602 66 -36
4281 66 -34
19667 66 -32
70925 66 -30
210927 66 -28
539248 66 -26
1231798 66 -24
2571842 66 -22
4977852 66 -20
9015611 66 -18
15311519 66 -16
24364276 66 -14
36287640 66 -12
50585713 66 -10
66103935 66 -8
81133619 66 -6
93754812 66 -4
102172459 66 -2
105140114 66 0
102172459 66 2
93754812 66 4
81133619 66 6
66103935 66 8
50585713 66 10
36287640 66 12
24364276 66 14
15311519 66 16
9015611 66 18
4977852 66 20
2571842 66 22
1231798 66 24
539248 66 26
210927 66 28
70925 66 30
19667 66 32
4281 66 34
602 66 36
60 66 38
2 68 -38
92 68 -36
700 68 -34
3469 68 -32
13108 68 -30
39756 68 -28
103544 68 -26
241580 68 -24
515394 68 -22
1026662 68 -20
1917894 68 -18
3348933 68 -16
5456595 68 -14
8279779 68 -12
11695825 68 -10
15417107 68 -8
19036183 68 -6
22081513 68 -4
24121629 68 -2
24838664 68 0
24121629 68 2
22081513 68 4
19036183 68 6
15417107 68 8
11695825 68 10
8279779 68 12
5456595 68 14
3348933 68 16
1917894 68 18
1026662 68 20
515394 68 22
241580 68 24
103544 68 26
39756 68 28
13108 68 30
3469 68 32
700 68 34
92 68 36
2 68 38
8 70 -36
78 70 -34
516 70 -32
1985 70 -30
6236 70 -28
16787 70 -26
39890 70 -24
88386 70 -22
184610 70 -20
361050 70 -18
657029 70 -16
1104584 70 -14
1713333 70 -12
2459351 70 -10
3276584 70 -8
4073958 70 -6
4742954 70 -4
5189274 70 -2
5343520 70 0
5189274 70 2
4742954 70 4
4073958 70 6
3276584 70 8
2459351 70 10
1713333 70 12
1104584 70 14
657029 70 16
361050 70 18
184610 70 20
88386 70 22
39890 70 24
16787 70 26
6236 70 28
1985 70 30
516 70 32
78 70 34
8 70 36
10 72 -34
56 72 -32
251 72 -30
830 72 -28
2238 72 -26
5492 72 -24
13127 72 -22
29461 72 -20
61513 72 -18
117998 72 -16
205562 72 -14
325441 72 -12
472647 72 -10
635195 72 -8
793313 72 -6
926632 72 -4
1014581 72 -2
1045374 72 0
1014581 72 2
926632 72 4
793313 72 6
635195 72 8
472647 72 10
325441 72 12
205562 72 14
117998 72 16
61513 72 18
29461 72 20
13127 72 22
5492 72 24
2238 72 26
830 72 28
251 72 30
56 72 32
10 72 34
4 74 -32
26 74 -30
73 74 -28
194 74 -26
568 74 -24
1476 74 -22
3745 74 -20
8687 74 -18
17770 74 -16
32352 74 -14
52962 74 -12
78396 74 -10
106612 74 -8
133846 74 -6
156565 74 -4
171580 74 -2
177210 74 0
171580 74 2
156565 74 4
133846 74 6
106612 74 8
78396 74 10
52962 74 12
32352 74 14
17770 74 16
8687 74 18
3745 74 20
1476 74 22
568 74 24
194 74 26
73 74 28
26 74 30
4 74 32
4 76 -28
12 76 -26
31 76 -24
118 76 -22
429 76 -20
1194 76 -18
2648 76 -16
4905 76 -14
8005 76 -12
11846 76 -10
16003 76 -8
20028 76 -6
23175 76 -4
25301 76 -2
26048 76 0
25301 76 2
23175 76 4
20028 76 6
16003 76 8
11846 76 10
8005 76 12
4905 76 14
2648 76 16
1194 76 18
429 76 20
118 76 22
31 76 24
12 76 26
4 76 28
10 78 -22
36 78 -20
103 78 -18
245 78 -16
499 78 -14
860 78 -12
1306 78 -10
1743 78 -8
2157 78 -6
2543 78 -4
2797 78 -2
2848 78 0
2797 78 2
2543 78 4
2157 78 6
1743 78 8
1306 78 10
860 78 12
499 78 14
245 78 16
103 78 18
36 78 20
10 78 22
4 80 -20
16 80 -18
38 80 -16
67 80 -14
97 80 -12
125 80 -10
166 80 -8
208 80 -6
238 80 -4
235 80 -2
228 80 0
235 80 2
238 80 4
208 80 6
166 80 8
125 80 10
97 80 12
67 80 14
38 80 16
16 80 18
4 80 20
1 82 -12
3 82 -10
5 82 -8
6 82 -6
5 82 -4
7 82 -2
10 82 0
7 82 2
5 82 4
6 82 6
5 82 8
3 82 10
1 82 12
