#H	Egs	gMgs	Mgs/N	Mgs	E2
0.000000000	-82.000000000	1	-0.281250000	-18	-82	-82.000000000
0.000000000	-82.000000000	4	-0.250000000	-16	-82	-82.000000000
0.000000000	-82.000000000	5	-0.218750000	-14	-82	-82.000000000
0.000000000	-82.000000000	4	-0.187500000	-12	-82	-82.000000000
0.000000000	-82.000000000	6	-0.156250000	-10	-82	-82.000000000
0.000000000	-82.000000000	6	-0.125000000	-8	-82	-82.000000000
0.000000000	-82.000000000	3	-0.093750000	-6	-82	-82.000000000
0.000000000	-82.000000000	2	-0.062500000	-4	-82	-82.000000000
0.000000000	-82.000000000	1	-0.031250000	-2	-82	-82.000000000
0.000000000	-82.000000000	1	0.031250000	2	-82	-82.000000000
0.000000000	-82.000000000	2	0.062500000	4	-82	-82.000000000
0.000000000	-82.000000000	3	0.093750000	6	-82	-82.000000000
0.000000000	-82.000000000	6	0.125000000	8	-82	-82.000000000
0.000000000	-82.000000000	6	0.156250000	10	-82	-82.000000000
0.000000000	-82.000000000	4	0.187500000	12	-82	-82.000000000
0.000000000	-82.000000000	5	0.218750000	14	-82	-82.000000000
0.000000000	-82.000000000	4	0.250000000	16	-82	-82.000000000
0.000000000	-82.000000000	1	0.281250000	18	-82	-82.000000000
0.010000000	-82.180000000	1	0.281250000	18	-82	-82.180000000
0.020000000	-82.360000000	1	0.281250000	18	-82	-82.360000000
0.030000000	-82.540000000	1	0.281250000	18	-82	-82.540000000
0.040000000	-82.720000000	1	0.281250000	18	-82	-82.720000000
0.050000000	-82.900000000	1	0.281250000	18	-82	-82.900000000
0.060000000	-83.080000000	1	0.281250000	18	-82	-83.080000000
0.070000000	-83.260000000	1	0.281250000	18	-82	-83.260000000
0.080000000	-83.440000000	1	0.281250000	18	-82	-83.440000000
0.090000000	-83.620000000	1	0.281250000	18	-82	-83.620000000
0.100000000	-83.800000000	1	0.281250000	18	-82	-83.800000000
0.100000000	-83.800000000	1	0.281250000	18	-82	-83.800000000
0.110000000	-83.980000000	1	0.281250000	18	-82	-83.980000000
0.111111111	-84.000000000	1	0.281250000	18	-82	-84.000000000
0.120000000	-84.160000000	1	0.281250000	18	-82	-84.160000000
0.125000000	-84.250000000	1	0.281250000	18	-82	-84.250000000
0.130000000	-84.340000000	1	0.281250000	18	-82	-84.340000000
0.140000000	-84.520000000	1	0.281250000	18	-82	-84.520000000
0.142857143	-84.571428571	1	0.281250000	18	-82	-84.571428571
0.150000000	-84.700000000	1	0.281250000	18	-82	-84.700000000
0.160000000	-84.880000000	1	0.281250000	18	-82	-84.880000000
0.166666667	-85.000000000	1	0.281250000	18	-82	-85.000000000
0.170000000	-85.060000000	1	0.281250000	18	-82	-85.060000000
0.180000000	-85.240000000	1	0.281250000	18	-82	-85.240000000
0.190000000	-85.420000000	1	0.281250000	18	-82	-85.420000000
0.200000000	-85.600000000	1	0.281250000	18	-82	-85.600000000
0.200000000	-85.600000000	1	0.437500000	28	-80	-85.600000000
0.200000000	-85.600000000	1	0.281250000	18	-82	-85.600000000
0.200000000	-85.600000000	1	0.437500000	28	-80	-85.600000000
0.200000000	-85.600000000	1	0.281250000	18	-82	-85.600000000
0.200000000	-85.600000000	1	0.437500000	28	-80	-85.600000000
0.210000000	-85.880000000	1	0.437500000	28	-80	-85.880000000
0.220000000	-86.160000000	1	0.437500000	28	-80	-86.160000000
0.222222222	-86.222222222	1	0.437500000	28	-80	-86.222222222
0.230000000	-86.440000000	1	0.437500000	28	-80	-86.440000000
0.240000000	-86.720000000	1	0.437500000	28	-80	-86.720000000
0.250000000	-87.000000000	1	0.437500000	28	-80	-87.000000000
0.250000000	-87.000000000	1	0.437500000	28	-80	-87.000000000
0.250000000	-87.000000000	1	0.437500000	28	-80	-87.000000000
0.260000000	-87.280000000	1	0.437500000	28	-80	-87.280000000
0.270000000	-87.560000000	1	0.437500000	28	-80	-87.560000000
0.280000000	-87.840000000	1	0.437500000	28	-80	-87.840000000
0.285714286	-88.000000000	1	0.437500000	28	-80	-88.000000000
0.290000000	-88.120000000	1	0.437500000	28	-80	-88.120000000
0.300000000	-88.400000000	1	0.437500000	28	-80	-88.400000000
0.300000000	-88.400000000	1	0.437500000	28	-80	-88.400000000
0.310000000	-88.680000000	1	0.437500000	28	-80	-88.680000000
0.320000000	-88.960000000	1	0.437500000	28	-80	-88.960000000
0.330000000	-89.240000000	1	0.437500000	28	-80	-89.240000000
0.333333333	-89.333333333	1	0.437500000	28	-80	-89.333333333
0.333333333	-89.333333333	1	0.437500000	28	-80	-89.333333333
0.333333333	-89.333333333	1	0.437500000	28	-80	-89.333333333
0.340000000	-89.520000000	1	0.437500000	28	-80	-89.520000000
0.350000000	-89.800000000	1	0.437500000	28	-80	-89.800000000
0.360000000	-90.080000000	1	0.437500000	28	-80	-90.080000000
0.370000000	-90.360000000	1	0.437500000	28	-80	-90.360000000
0.375000000	-90.500000000	1	0.437500000	28	-80	-90.500000000
0.380000000	-90.640000000	1	0.437500000	28	-80	-90.640000000
0.390000000	-90.920000000	1	0.437500000	28	-80	-90.920000000
0.400000000	-91.200000000	1	0.437500000	28	-80	-91.200000000
0.400000000	-91.200000000	1	0.437500000	28	-80	-91.200000000
0.400000000	-91.200000000	1	0.437500000	28	-80	-91.200000000
0.410000000	-91.480000000	1	0.437500000	28	-80	-91.480000000
0.420000000	-91.760000000	1	0.437500000	28	-80	-91.760000000
0.428571429	-92.000000000	1	0.437500000	28	-80	-92.000000000
0.430000000	-92.040000000	1	0.437500000	28	-80	-92.040000000
0.440000000	-92.320000000	1	0.437500000	28	-80	-92.320000000
0.444444444	-92.444444444	1	0.437500000	28	-80	-92.444444444
0.450000000	-92.600000000	1	0.437500000	28	-80	-92.600000000
0.460000000	-92.880000000	1	0.437500000	28	-80	-92.880000000
0.470000000	-93.160000000	1	0.437500000	28	-80	-93.160000000
0.480000000	-93.440000000	1	0.437500000	28	-80	-93.440000000
0.490000000	-93.720000000	1	0.437500000	28	-80	-93.720000000
0.500000000	-94.000000000	1	0.437500000	28	-80	-94.000000000
0.500000000	-94.000000000	1	0.437500000	28	-80	-94.000000000
0.500000000	-94.000000000	1	0.437500000	28	-80	-94.000000000
0.500000000	-94.000000000	1	0.437500000	28	-80	-94.000000000
0.500000000	-94.000000000	1	0.437500000	28	-80	-94.000000000
0.500000000	-94.000000000	1	0.437500000	28	-80	-94.000000000
0.510000000	-94.280000000	1	0.437500000	28	-80	-94.280000000
0.520000000	-94.560000000	1	0.437500000	28	-80	-94.560000000
0.530000000	-94.840000000	1	0.437500000	28	-80	-94.840000000
0.540000000	-95.120000000	1	0.437500000	28	-80	-95.120000000
0.550000000	-95.400000000	1	0.437500000	28	-80	-95.400000000
0.555555556	-95.555555556	1	0.437500000	28	-80	-95.555555556
0.560000000	-95.680000000	1	0.437500000	28	-80	-95.680000000
0.570000000	-95.960000000	1	0.437500000	28	-80	-95.960000000
0.571428571	-96.000000000	1	0.437500000	28	-80	-96.000000000
0.580000000	-96.240000000	1	0.437500000	28	-80	-96.240000000
0.590000000	-96.520000000	1	0.437500000	28	-80	-96.520000000
0.600000000	-96.800000000	1	0.437500000	28	-80	-96.800000000
0.600000000	-96.800000000	1	0.437500000	28	-80	-96.800000000
0.600000000	-96.800000000	1	0.437500000	28	-80	-96.800000000
0.610000000	-97.080000000	1	0.437500000	28	-80	-97.080000000
0.620000000	-97.360000000	1	0.437500000	28	-80	-97.360000000
0.625000000	-97.500000000	1	0.437500000	28	-80	-97.500000000
0.630000000	-97.640000000	1	0.437500000	28	-80	-97.640000000
0.640000000	-97.920000000	1	0.437500000	28	-80	-97.920000000
0.650000000	-98.200000000	1	0.437500000	28	-80	-98.200000000
0.660000000	-98.480000000	1	0.437500000	28	-80	-98.480000000
0.666666667	-98.666666667	1	0.437500000	28	-80	-98.666666667
0.666666667	-98.666666667	1	0.437500000	28	-80	-98.666666667
0.666666667	-98.666666667	1	0.437500000	28	-80	-98.666666667
0.670000000	-98.760000000	1	0.437500000	28	-80	-98.760000000
0.680000000	-99.040000000	1	0.437500000	28	-80	-99.040000000
0.690000000	-99.320000000	1	0.437500000	28	-80	-99.320000000
0.700000000	-99.600000000	1	0.437500000	28	-80	-99.600000000
0.700000000	-99.600000000	1	0.437500000	28	-80	-99.600000000
0.710000000	-99.880000000	1	0.437500000	28	-80	-99.880000000
0.714285714	-100.000000000	1	0.437500000	28	-80	-100.000000000
0.720000000	-100.160000000	1	0.437500000	28	-80	-100.160000000
0.730000000	-100.440000000	1	0.437500000	28	-80	-100.440000000
0.740000000	-100.720000000	1	0.437500000	28	-80	-100.720000000
0.750000000	-101.000000000	1	0.437500000	28	-80	-101.000000000
0.750000000	-101.000000000	1	0.437500000	28	-80	-101.000000000
0.750000000	-101.000000000	1	0.437500000	28	-80	-101.000000000
0.760000000	-101.280000000	1	0.437500000	28	-80	-101.280000000
0.770000000	-101.560000000	1	0.437500000	28	-80	-101.560000000
0.777777778	-101.777777778	1	0.437500000	28	-80	-101.777777778
0.780000000	-101.840000000	1	0.437500000	28	-80	-101.840000000
0.790000000	-102.120000000	1	0.437500000	28	-80	-102.120000000
0.800000000	-102.400000000	1	0.437500000	28	-80	-102.400000000
0.800000000	-102.400000000	1	0.437500000	28	-80	-102.400000000
0.800000000	-102.400000000	1	0.437500000	28	-80	-102.400000000
0.810000000	-102.680000000	1	0.437500000	28	-80	-102.680000000
0.820000000	-102.960000000	1	0.437500000	28	-80	-102.960000000
0.830000000	-103.240000000	1	0.437500000	28	-80	-103.240000000
0.833333333	-103.333333333	1	0.437500000	28	-80	-103.333333333
0.840000000	-103.520000000	1	0.437500000	28	-80	-103.520000000
0.850000000	-103.800000000	1	0.437500000	28	-80	-103.800000000
0.857142857	-104.000000000	1	0.437500000	28	-80	-104.000000000
0.860000000	-104.080000000	1	0.437500000	28	-80	-104.080000000
0.870000000	-104.360000000	1	0.437500000	28	-80	-104.360000000
0.875000000	-104.500000000	1	0.437500000	28	-80	-104.500000000
0.880000000	-104.640000000	1	0.437500000	28	-80	-104.640000000
0.888888889	-104.888888889	1	0.437500000	28	-80	-104.888888889
0.890000000	-104.920000000	1	0.437500000	28	-80	-104.920000000
0.900000000	-105.200000000	1	0.437500000	28	-80	-105.200000000
0.900000000	-105.200000000	1	0.437500000	28	-80	-105.200000000
0.910000000	-105.480000000	1	0.437500000	28	-80	-105.480000000
0.920000000	-105.760000000	1	0.437500000	28	-80	-105.760000000
0.930000000	-106.040000000	1	0.437500000	28	-80	-106.040000000
0.940000000	-106.320000000	1	0.437500000	28	-80	-106.320000000
0.950000000	-106.600000000	1	0.437500000	28	-80	-106.600000000
0.960000000	-106.880000000	1	0.437500000	28	-80	-106.880000000
0.970000000	-107.160000000	1	0.437500000	28	-80	-107.160000000
0.980000000	-107.440000000	1	0.437500000	28	-80	-107.440000000
0.990000000	-107.720000000	1	0.437500000	28	-80	-107.720000000
1.000000000	-108.000000000	1	0.437500000	28	-80	-108.000000000
1.000000000	-108.000000000	7	0.468750000	30	-78	-108.000000000
1.000000000	-108.000000000	5	0.500000000	32	-76	-108.000000000
1.000000000	-108.000000000	1	0.531250000	34	-74	-108.000000000
1.010000000	-108.340000000	1	0.531250000	34	-74	-108.340000000
1.020000000	-108.680000000	1	0.531250000	34	-74	-108.680000000
1.030000000	-109.020000000	1	0.531250000	34	-74	-109.020000000
1.040000000	-109.360000000	1	0.531250000	34	-74	-109.360000000
1.050000000	-109.700000000	1	0.531250000	34	-74	-109.700000000
1.060000000	-110.040000000	1	0.531250000	34	-74	-110.040000000
1.070000000	-110.380000000	1	0.531250000	34	-74	-110.380000000
1.080000000	-110.720000000	1	0.531250000	34	-74	-110.720000000
1.090000000	-111.060000000	1	0.531250000	34	-74	-111.060000000
1.100000000	-111.400000000	1	0.531250000	34	-74	-111.400000000
1.110000000	-111.740000000	1	0.531250000	34	-74	-111.740000000
1.120000000	-112.080000000	1	0.531250000	34	-74	-112.080000000
1.125000000	-112.250000000	1	0.531250000	34	-74	-112.250000000
1.130000000	-112.420000000	1	0.531250000	34	-74	-112.420000000
1.140000000	-112.760000000	1	0.531250000	34	-74	-112.760000000
1.142857143	-112.857142857	1	0.531250000	34	-74	-112.857142857
1.150000000	-113.100000000	1	0.531250000	34	-74	-113.100000000
1.160000000	-113.440000000	1	0.531250000	34	-74	-113.440000000
1.166666667	-113.666666667	1	0.531250000	34	-74	-113.666666667
1.170000000	-113.780000000	1	0.531250000	34	-74	-113.780000000
1.180000000	-114.120000000	1	0.531250000	34	-74	-114.120000000
1.190000000	-114.460000000	1	0.531250000	34	-74	-114.460000000
1.200000000	-114.800000000	1	0.531250000	34	-74	-114.800000000
1.200000000	-114.800000000	1	0.531250000	34	-74	-114.800000000
1.210000000	-115.140000000	1	0.531250000	34	-74	-115.140000000
1.220000000	-115.480000000	1	0.531250000	34	-74	-115.480000000
1.230000000	-115.820000000	1	0.531250000	34	-74	-115.820000000
1.240000000	-116.160000000	1	0.531250000	34	-74	-116.160000000
1.250000000	-116.500000000	1	0.531250000	34	-74	-116.500000000
1.250000000	-116.500000000	1	0.531250000	34	-74	-116.500000000
1.260000000	-116.840000000	1	0.531250000	34	-74	-116.840000000
1.270000000	-117.180000000	1	0.531250000	34	-74	-117.180000000
1.280000000	-117.520000000	1	0.531250000	34	-74	-117.520000000
1.285714286	-117.714285714	1	0.531250000	34	-74	-117.714285714
1.290000000	-117.860000000	1	0.531250000	34	-74	-117.860000000
1.300000000	-118.200000000	1	0.531250000	34	-74	-118.200000000
1.310000000	-118.540000000	1	0.531250000	34	-74	-118.540000000
1.320000000	-118.880000000	1	0.531250000	34	-74	-118.880000000
1.330000000	-119.220000000	1	0.531250000	34	-74	-119.220000000
1.333333333	-119.333333333	1	0.531250000	34	-74	-119.333333333
1.333333333	-119.333333333	3	0.625000000	40	-66	-119.333333333
1.333333333	-119.333333333	2	0.718750000	46	-58	-119.333333333
1.333333333	-119.333333333	1	0.531250000	34	-74	-119.333333333
1.333333333	-119.333333333	3	0.625000000	40	-66	-119.333333333
1.333333333	-119.333333333	2	0.718750000	46	-58	-119.333333333
1.340000000	-119.640000000	2	0.718750000	46	-58	-119.640000000
1.350000000	-120.100000000	2	0.718750000	46	-58	-120.100000000
1.360000000	-120.560000000	2	0.718750000	46	-58	-120.560000000
1.370000000	-121.020000000	2	0.718750000	46	-58	-121.020000000
1.380000000	-121.480000000	2	0.718750000	46	-58	-121.480000000
1.390000000	-121.940000000	2	0.718750000	46	-58	-121.940000000
1.400000000	-122.400000000	2	0.718750000	46	-58	-122.400000000
1.400000000	-122.400000000	2	0.718750000	46	-58	-122.400000000
1.410000000	-122.860000000	2	0.718750000	46	-58	-122.860000000
1.420000000	-123.320000000	2	0.718750000	46	-58	-123.320000000
1.430000000	-123.780000000	2	0.718750000	46	-58	-123.780000000
1.440000000	-124.240000000	2	0.718750000	46	-58	-124.240000000
1.450000000	-124.700000000	2	0.718750000	46	-58	-124.700000000
1.460000000	-125.160000000	2	0.718750000	46	-58	-125.160000000
1.470000000	-125.620000000	2	0.718750000	46	-58	-125.620000000
1.480000000	-126.080000000	2	0.718750000	46	-58	-126.080000000
1.490000000	-126.540000000	2	0.718750000	46	-58	-126.540000000
1.500000000	-127.000000000	2	0.718750000	46	-58	-127.000000000
1.500000000	-127.000000000	2	0.718750000	46	-58	-127.000000000
1.500000000	-127.000000000	2	0.718750000	46	-58	-127.000000000
1.500000000	-127.000000000	2	0.718750000	46	-58	-127.000000000
1.510000000	-127.460000000	2	0.718750000	46	-58	-127.460000000
1.520000000	-127.920000000	2	0.718750000	46	-58	-127.920000000
1.530000000	-128.380000000	2	0.718750000	46	-58	-128.380000000
1.540000000	-128.840000000	2	0.718750000	46	-58	-128.840000000
1.550000000	-129.300000000	2	0.718750000	46	-58	-129.300000000
1.560000000	-129.760000000	2	0.718750000	46	-58	-129.760000000
1.570000000	-130.220000000	2	0.718750000	46	-58	-130.220000000
1.580000000	-130.680000000	2	0.718750000	46	-58	-130.680000000
1.590000000	-131.140000000	2	0.718750000	46	-58	-131.140000000
1.600000000	-131.600000000	2	0.718750000	46	-58	-131.600000000
1.600000000	-131.600000000	2	0.718750000	46	-58	-131.600000000
1.610000000	-132.060000000	2	0.718750000	46	-58	-132.060000000
1.620000000	-132.520000000	2	0.718750000	46	-58	-132.520000000
1.630000000	-132.980000000	2	0.718750000	46	-58	-132.980000000
1.640000000	-133.440000000	2	0.718750000	46	-58	-133.440000000
1.650000000	-133.900000000	2	0.718750000	46	-58	-133.900000000
1.660000000	-134.360000000	2	0.718750000	46	-58	-134.360000000
1.666666667	-134.666666667	2	0.718750000	46	-58	-134.666666667
1.670000000	-134.820000000	2	0.718750000	46	-58	-134.820000000
1.680000000	-135.280000000	2	0.718750000	46	-58	-135.280000000
1.690000000	-135.740000000	2	0.718750000	46	-58	-135.740000000
1.700000000	-136.200000000	2	0.718750000	46	-58	-136.200000000
1.710000000	-136.660000000	2	0.718750000	46	-58	-136.660000000
1.720000000	-137.120000000	2	0.718750000	46	-58	-137.120000000
1.730000000	-137.580000000	2	0.718750000	46	-58	-137.580000000
1.740000000	-138.040000000	2	0.718750000	46	-58	-138.040000000
1.750000000	-138.500000000	2	0.718750000	46	-58	-138.500000000
1.750000000	-138.500000000	2	0.718750000	46	-58	-138.500000000
1.760000000	-138.960000000	2	0.718750000	46	-58	-138.960000000
1.770000000	-139.420000000	2	0.718750000	46	-58	-139.420000000
1.780000000	-139.880000000	2	0.718750000	46	-58	-139.880000000
1.790000000	-140.340000000	2	0.718750000	46	-58	-140.340000000
1.800000000	-140.800000000	2	0.718750000	46	-58	-140.800000000
1.800000000	-140.800000000	2	0.718750000	46	-58	-140.800000000
1.810000000	-141.260000000	2	0.718750000	46	-58	-141.260000000
1.820000000	-141.720000000	2	0.718750000	46	-58	-141.720000000
1.830000000	-142.180000000	2	0.718750000	46	-58	-142.180000000
1.840000000	-142.640000000	2	0.718750000	46	-58	-142.640000000
1.850000000	-143.100000000	2	0.718750000	46	-58	-143.100000000
1.860000000	-143.560000000	2	0.718750000	46	-58	-143.560000000
1.870000000	-144.020000000	2	0.718750000	46	-58	-144.020000000
1.880000000	-144.480000000	2	0.718750000	46	-58	-144.480000000
1.890000000	-144.940000000	2	0.718750000	46	-58	-144.940000000
1.900000000	-145.400000000	2	0.718750000	46	-58	-145.400000000
1.910000000	-145.860000000	2	0.718750000	46	-58	-145.860000000
1.920000000	-146.320000000	2	0.718750000	46	-58	-146.320000000
1.930000000	-146.780000000	2	0.718750000	46	-58	-146.780000000
1.940000000	-147.240000000	2	0.718750000	46	-58	-147.240000000
1.950000000	-147.700000000	2	0.718750000	46	-58	-147.700000000
1.960000000	-148.160000000	2	0.718750000	46	-58	-148.160000000
1.970000000	-148.620000000	2	0.718750000	46	-58	-148.620000000
1.980000000	-149.080000000	2	0.718750000	46	-58	-149.080000000
1.990000000	-149.540000000	2	0.718750000	46	-58	-149.540000000
2.000000000	-150.000000000	2	0.718750000	46	-58	-150.000000000
2.000000000	-150.000000000	7	0.750000000	48	-54	-150.000000000
2.000000000	-150.000000000	8	0.781250000	50	-50	-150.000000000
2.000000000	-150.000000000	4	0.812500000	52	-46	-150.000000000
2.000000000	-150.000000000	2	0.718750000	46	-58	-150.000000000
2.000000000	-150.000000000	7	0.750000000	48	-54	-150.000000000
2.000000000	-150.000000000	8	0.781250000	50	-50	-150.000000000
2.000000000	-150.000000000	4	0.812500000	52	-46	-150.000000000
2.000000000	-150.000000000	2	0.718750000	46	-58	-150.000000000
2.000000000	-150.000000000	7	0.750000000	48	-54	-150.000000000
2.000000000	-150.000000000	8	0.781250000	50	-50	-150.000000000
2.000000000	-150.000000000	4	0.812500000	52	-46	-150.000000000
2.000000000	-150.000000000	2	0.718750000	46	-58	-150.000000000
2.000000000	-150.000000000	7	0.750000000	48	-54	-150.000000000
2.000000000	-150.000000000	8	0.781250000	50	-50	-150.000000000
2.000000000	-150.000000000	4	0.812500000	52	-46	-150.000000000
2.010000000	-150.520000000	4	0.812500000	52	-46	-150.520000000
2.020000000	-151.040000000	4	0.812500000	52	-46	-151.040000000
2.030000000	-151.560000000	4	0.812500000	52	-46	-151.560000000
2.040000000	-152.080000000	4	0.812500000	52	-46	-152.080000000
2.050000000	-152.600000000	4	0.812500000	52	-46	-152.600000000
2.060000000	-153.120000000	4	0.812500000	52	-46	-153.120000000
2.070000000	-153.640000000	4	0.812500000	52	-46	-153.640000000
2.080000000	-154.160000000	4	0.812500000	52	-46	-154.160000000
2.090000000	-154.680000000	4	0.812500000	52	-46	-154.680000000
2.100000000	-155.200000000	4	0.812500000	52	-46	-155.200000000
2.110000000	-155.720000000	4	0.812500000	52	-46	-155.720000000
2.120000000	-156.240000000	4	0.812500000	52	-46	-156.240000000
2.130000000	-156.760000000	4	0.812500000	52	-46	-156.760000000
2.140000000	-157.280000000	4	0.812500000	52	-46	-157.280000000
2.150000000	-157.800000000	4	0.812500000	52	-46	-157.800000000
2.160000000	-158.320000000	4	0.812500000	52	-46	-158.320000000
2.170000000	-158.840000000	4	0.812500000	52	-46	-158.840000000
2.180000000	-159.360000000	4	0.812500000	52	-46	-159.360000000
2.190000000	-159.880000000	4	0.812500000	52	-46	-159.880000000
2.200000000	-160.400000000	4	0.812500000	52	-46	-160.400000000
2.210000000	-160.920000000	4	0.812500000	52	-46	-160.920000000
2.220000000	-161.440000000	4	0.812500000	52	-46	-161.440000000
2.230000000	-161.960000000	4	0.812500000	52	-46	-161.960000000
2.240000000	-162.480000000	4	0.812500000	52	-46	-162.480000000
2.250000000	-163.000000000	4	0.812500000	52	-46	-163.000000000
2.250000000	-163.000000000	4	0.812500000	52	-46	-163.000000000
2.260000000	-163.520000000	4	0.812500000	52	-46	-163.520000000
2.270000000	-164.040000000	4	0.812500000	52	-46	-164.040000000
2.280000000	-164.560000000	4	0.812500000	52	-46	-164.560000000
2.290000000	-165.080000000	4	0.812500000	52	-46	-165.080000000
2.300000000	-165.600000000	4	0.812500000	52	-46	-165.600000000
2.310000000	-166.120000000	4	0.812500000	52	-46	-166.120000000
2.320000000	-166.640000000	4	0.812500000	52	-46	-166.640000000
2.330000000	-167.160000000	4	0.812500000	52	-46	-167.160000000
2.333333333	-167.333333333	4	0.812500000	52	-46	-167.333333333
2.340000000	-167.680000000	4	0.812500000	52	-46	-167.680000000
2.350000000	-168.200000000	4	0.812500000	52	-46	-168.200000000
2.360000000	-168.720000000	4	0.812500000	52	-46	-168.720000000
2.370000000	-169.240000000	4	0.812500000	52	-46	-169.240000000
2.380000000	-169.760000000	4	0.812500000	52	-46	-169.760000000
2.390000000	-170.280000000	4	0.812500000	52	-46	-170.280000000
2.400000000	-170.800000000	4	0.812500000	52	-46	-170.800000000
2.410000000	-171.320000000	4	0.812500000	52	-46	-171.320000000
2.420000000	-171.840000000	4	0.812500000	52	-46	-171.840000000
2.430000000	-172.360000000	4	0.812500000	52	-46	-172.360000000
2.440000000	-172.880000000	4	0.812500000	52	-46	-172.880000000
2.450000000	-173.400000000	4	0.812500000	52	-46	-173.400000000
2.460000000	-173.920000000	4	0.812500000	52	-46	-173.920000000
2.470000000	-174.440000000	4	0.812500000	52	-46	-174.440000000
2.480000000	-174.960000000	4	0.812500000	52	-46	-174.960000000
2.490000000	-175.480000000	4	0.812500000	52	-46	-175.480000000
2.500000000	-176.000000000	4	0.812500000	52	-46	-176.000000000
2.500000000	-176.000000000	4	0.812500000	52	-46	-176.000000000
2.510000000	-176.520000000	4	0.812500000	52	-46	-176.520000000
2.520000000	-177.040000000	4	0.812500000	52	-46	-177.040000000
2.530000000	-177.560000000	4	0.812500000	52	-46	-177.560000000
2.540000000	-178.080000000	4	0.812500000	52	-46	-178.080000000
2.550000000	-178.600000000	4	0.812500000	52	-46	-178.600000000
2.560000000	-179.120000000	4	0.812500000	52	-46	-179.120000000
2.570000000	-179.640000000	4	0.812500000	52	-46	-179.640000000
2.580000000	-180.160000000	4	0.812500000	52	-46	-180.160000000
2.590000000	-180.680000000	4	0.812500000	52	-46	-180.680000000
2.600000000	-181.200000000	4	0.812500000	52	-46	-181.200000000
2.610000000	-181.720000000	4	0.812500000	52	-46	-181.720000000
2.620000000	-182.240000000	4	0.812500000	52	-46	-182.240000000
2.630000000	-182.760000000	4	0.812500000	52	-46	-182.760000000
2.640000000	-183.280000000	4	0.812500000	52	-46	-183.280000000
2.650000000	-183.800000000	4	0.812500000	52	-46	-183.800000000
2.660000000	-184.320000000	4	0.812500000	52	-46	-184.320000000
2.666666667	-184.666666667	4	0.812500000	52	-46	-184.666666667
2.670000000	-184.840000000	4	0.812500000	52	-46	-184.840000000
2.680000000	-185.360000000	4	0.812500000	52	-46	-185.360000000
2.690000000	-185.880000000	4	0.812500000	52	-46	-185.880000000
2.700000000	-186.400000000	4	0.812500000	52	-46	-186.400000000
2.710000000	-186.920000000	4	0.812500000	52	-46	-186.920000000
2.720000000	-187.440000000	4	0.812500000	52	-46	-187.440000000
2.730000000	-187.960000000	4	0.812500000	52	-46	-187.960000000
2.740000000	-188.480000000	4	0.812500000	52	-46	-188.480000000
2.750000000	-189.000000000	4	0.812500000	52	-46	-189.000000000
2.760000000	-189.520000000	4	0.812500000	52	-46	-189.520000000
2.770000000	-190.040000000	4	0.812500000	52	-46	-190.040000000
2.780000000	-190.560000000	4	0.812500000	52	-46	-190.560000000
2.790000000	-191.080000000	4	0.812500000	52	-46	-191.080000000
2.800000000	-191.600000000	4	0.812500000	52	-46	-191.600000000
2.810000000	-192.120000000	4	0.812500000	52	-46	-192.120000000
2.820000000	-192.640000000	4	0.812500000	52	-46	-192.640000000
2.830000000	-193.160000000	4	0.812500000	52	-46	-193.160000000
2.840000000	-193.680000000	4	0.812500000	52	-46	-193.680000000
2.850000000	-194.200000000	4	0.812500000	52	-46	-194.200000000
2.860000000	-194.720000000	4	0.812500000	52	-46	-194.720000000
2.870000000	-195.240000000	4	0.812500000	52	-46	-195.240000000
2.880000000	-195.760000000	4	0.812500000	52	-46	-195.760000000
2.890000000	-196.280000000	4	0.812500000	52	-46	-196.280000000
2.900000000	-196.800000000	4	0.812500000	52	-46	-196.800000000
2.910000000	-197.320000000	4	0.812500000	52	-46	-197.320000000
2.920000000	-197.840000000	4	0.812500000	52	-46	-197.840000000
2.930000000	-198.360000000	4	0.812500000	52	-46	-198.360000000
2.940000000	-198.880000000	4	0.812500000	52	-46	-198.880000000
2.950000000	-199.400000000	4	0.812500000	52	-46	-199.400000000
2.960000000	-199.920000000	4	0.812500000	52	-46	-199.920000000
2.970000000	-200.440000000	4	0.812500000	52	-46	-200.440000000
2.980000000	-200.960000000	4	0.812500000	52	-46	-200.960000000
2.990000000	-201.480000000	4	0.812500000	52	-46	-201.480000000
3.000000000	-202.000000000	4	0.812500000	52	-46	-202.000000000
3.000000000	-202.000000000	2	0.843750000	54	-40	-202.000000000
3.000000000	-202.000000000	4	0.812500000	52	-46	-202.000000000
3.000000000	-202.000000000	2	0.843750000	54	-40	-202.000000000
3.000000000	-202.000000000	4	0.812500000	52	-46	-202.000000000
3.000000000	-202.000000000	2	0.843750000	54	-40	-202.000000000
3.010000000	-202.540000000	2	0.843750000	54	-40	-202.540000000
3.020000000	-203.080000000	2	0.843750000	54	-40	-203.080000000
3.030000000	-203.620000000	2	0.843750000	54	-40	-203.620000000
3.040000000	-204.160000000	2	0.843750000	54	-40	-204.160000000
3.050000000	-204.700000000	2	0.843750000	54	-40	-204.700000000
3.060000000	-205.240000000	2	0.843750000	54	-40	-205.240000000
3.070000000	-205.780000000	2	0.843750000	54	-40	-205.780000000
3.080000000	-206.320000000	2	0.843750000	54	-40	-206.320000000
3.090000000	-206.860000000	2	0.843750000	54	-40	-206.860000000
3.100000000	-207.400000000	2	0.843750000	54	-40	-207.400000000
3.110000000	-207.940000000	2	0.843750000	54	-40	-207.940000000
3.120000000	-208.480000000	2	0.843750000	54	-40	-208.480000000
3.130000000	-209.020000000	2	0.843750000	54	-40	-209.020000000
3.140000000	-209.560000000	2	0.843750000	54	-40	-209.560000000
3.150000000	-210.100000000	2	0.843750000	54	-40	-210.100000000
3.160000000	-210.640000000	2	0.843750000	54	-40	-210.640000000
3.170000000	-211.180000000	2	0.843750000	54	-40	-211.180000000
3.180000000	-211.720000000	2	0.843750000	54	-40	-211.720000000
3.190000000	-212.260000000	2	0.843750000	54	-40	-212.260000000
3.200000000	-212.800000000	2	0.843750000	54	-40	-212.800000000
3.210000000	-213.340000000	2	0.843750000	54	-40	-213.340000000
3.220000000	-213.880000000	2	0.843750000	54	-40	-213.880000000
3.230000000	-214.420000000	2	0.843750000	54	-40	-214.420000000
3.240000000	-214.960000000	2	0.843750000	54	-40	-214.960000000
3.250000000	-215.500000000	2	0.843750000	54	-40	-215.500000000
3.260000000	-216.040000000	2	0.843750000	54	-40	-216.040000000
3.270000000	-216.580000000	2	0.843750000	54	-40	-216.580000000
3.280000000	-217.120000000	2	0.843750000	54	-40	-217.120000000
3.290000000	-217.660000000	2	0.843750000	54	-40	-217.660000000
3.300000000	-218.200000000	2	0.843750000	54	-40	-218.200000000
3.310000000	-218.740000000	2	0.843750000	54	-40	-218.740000000
3.320000000	-219.280000000	2	0.843750000	54	-40	-219.280000000
3.330000000	-219.820000000	2	0.843750000	54	-40	-219.820000000
3.340000000	-220.360000000	2	0.843750000	54	-40	-220.360000000
3.350000000	-220.900000000	2	0.843750000	54	-40	-220.900000000
3.360000000	-221.440000000	2	0.843750000	54	-40	-221.440000000
3.370000000	-221.980000000	2	0.843750000	54	-40	-221.980000000
3.380000000	-222.520000000	2	0.843750000	54	-40	-222.520000000
3.390000000	-223.060000000	2	0.843750000	54	-40	-223.060000000
3.400000000	-223.600000000	2	0.843750000	54	-40	-223.600000000
3.410000000	-224.140000000	2	0.843750000	54	-40	-224.140000000
3.420000000	-224.680000000	2	0.843750000	54	-40	-224.680000000
3.430000000	-225.220000000	2	0.843750000	54	-40	-225.220000000
3.440000000	-225.760000000	2	0.843750000	54	-40	-225.760000000
3.450000000	-226.300000000	2	0.843750000	54	-40	-226.300000000
3.460000000	-226.840000000	2	0.843750000	54	-40	-226.840000000
3.470000000	-227.380000000	2	0.843750000	54	-40	-227.380000000
3.480000000	-227.920000000	2	0.843750000	54	-40	-227.920000000
3.490000000	-228.460000000	2	0.843750000	54	-40	-228.460000000
3.500000000	-229.000000000	2	0.843750000	54	-40	-229.000000000
3.500000000	-229.000000000	2	0.843750000	54	-40	-229.000000000
3.510000000	-229.540000000	2	0.843750000	54	-40	-229.540000000
3.520000000	-230.080000000	2	0.843750000	54	-40	-230.080000000
3.530000000	-230.620000000	2	0.843750000	54	-40	-230.620000000
3.540000000	-231.160000000	2	0.843750000	54	-40	-231.160000000
3.550000000	-231.700000000	2	0.843750000	54	-40	-231.700000000
3.560000000	-232.240000000	2	0.843750000	54	-40	-232.240000000
3.570000000	-232.780000000	2	0.843750000	54	-40	-232.780000000
3.580000000	-233.320000000	2	0.843750000	54	-40	-233.320000000
3.590000000	-233.860000000	2	0.843750000	54	-40	-233.860000000
3.600000000	-234.400000000	2	0.843750000	54	-40	-234.400000000
3.610000000	-234.940000000	2	0.843750000	54	-40	-234.940000000
3.620000000	-235.480000000	2	0.843750000	54	-40	-235.480000000
3.630000000	-236.020000000	2	0.843750000	54	-40	-236.020000000
3.640000000	-236.560000000	2	0.843750000	54	-40	-236.560000000
3.650000000	-237.100000000	2	0.843750000	54	-40	-237.100000000
3.660000000	-237.640000000	2	0.843750000	54	-40	-237.640000000
3.670000000	-238.180000000	2	0.843750000	54	-40	-238.180000000
3.680000000	-238.720000000	2	0.843750000	54	-40	-238.720000000
3.690000000	-239.260000000	2	0.843750000	54	-40	-239.260000000
3.700000000	-239.800000000	2	0.843750000	54	-40	-239.800000000
3.710000000	-240.340000000	2	0.843750000	54	-40	-240.340000000
3.720000000	-240.880000000	2	0.843750000	54	-40	-240.880000000
3.730000000	-241.420000000	2	0.843750000	54	-40	-241.420000000
3.740000000	-241.960000000	2	0.843750000	54	-40	-241.960000000
3.750000000	-242.500000000	2	0.843750000	54	-40	-242.500000000
3.760000000	-243.040000000	2	0.843750000	54	-40	-243.040000000
3.770000000	-243.580000000	2	0.843750000	54	-40	-243.580000000
3.780000000	-244.120000000	2	0.843750000	54	-40	-244.120000000
3.790000000	-244.660000000	2	0.843750000	54	-40	-244.660000000
3.800000000	-245.200000000	2	0.843750000	54	-40	-245.200000000
3.810000000	-245.740000000	2	0.843750000	54	-40	-245.740000000
3.820000000	-246.280000000	2	0.843750000	54	-40	-246.280000000
3.830000000	-246.820000000	2	0.843750000	54	-40	-246.820000000
3.840000000	-247.360000000	2	0.843750000	54	-40	-247.360000000
3.850000000	-247.900000000	2	0.843750000	54	-40	-247.900000000
3.860000000	-248.440000000	2	0.843750000	54	-40	-248.440000000
3.870000000	-248.980000000	2	0.843750000	54	-40	-248.980000000
3.880000000	-249.520000000	2	0.843750000	54	-40	-249.520000000
3.890000000	-250.060000000	2	0.843750000	54	-40	-250.060000000
3.900000000	-250.600000000	2	0.843750000	54	-40	-250.600000000
3.910000000	-251.140000000	2	0.843750000	54	-40	-251.140000000
3.920000000	-251.680000000	2	0.843750000	54	-40	-251.680000000
3.930000000	-252.220000000	2	0.843750000	54	-40	-252.220000000
3.940000000	-252.760000000	2	0.843750000	54	-40	-252.760000000
3.950000000	-253.300000000	2	0.843750000	54	-40	-253.300000000
3.960000000	-253.840000000	2	0.843750000	54	-40	-253.840000000
3.970000000	-254.380000000	2	0.843750000	54	-40	-254.380000000
3.980000000	-254.920000000	2	0.843750000	54	-40	-254.920000000
3.990000000	-255.460000000	2	0.843750000	54	-40	-255.460000000
4.000000000	-256.000000000	2	0.843750000	54	-40	-256.000000000
4.000000000	-256.000000000	11	0.875000000	56	-32	-256.000000000
4.000000000	-256.000000000	21	0.906250000	58	-24	-256.000000000
4.000000000	-256.000000000	18	0.937500000	60	-16	-256.000000000
4.000000000	-256.000000000	7	0.968750000	62	-8	-256.000000000
4.000000000	-256.000000000	1	1.000000000	64	0	-256.000000000
4.000000000	-256.000000000	2	0.843750000	54	-40	-256.000000000
4.000000000	-256.000000000	11	0.875000000	56	-32	-256.000000000
4.000000000	-256.000000000	21	0.906250000	58	-24	-256.000000000
4.000000000	-256.000000000	18	0.937500000	60	-16	-256.000000000
4.000000000	-256.000000000	7	0.968750000	62	-8	-256.000000000
4.000000000	-256.000000000	1	1.000000000	64	0	-256.000000000
4.010000000	-256.640000000	1	1.000000000	64	0	-256.640000000
4.020000000	-257.280000000	1	1.000000000	64	0	-257.280000000
4.030000000	-257.920000000	1	1.000000000	64	0	-257.920000000
4.040000000	-258.560000000	1	1.000000000	64	0	-258.560000000
4.050000000	-259.200000000	1	1.000000000	64	0	-259.200000000
4.060000000	-259.840000000	1	1.000000000	64	0	-259.840000000
4.070000000	-260.480000000	1	1.000000000	64	0	-260.480000000
4.080000000	-261.120000000	1	1.000000000	64	0	-261.120000000
4.090000000	-261.760000000	1	1.000000000	64	0	-261.760000000
4.100000000	-262.400000000	1	1.000000000	64	0	-262.400000000
4.110000000	-263.040000000	1	1.000000000	64	0	-263.040000000
4.120000000	-263.680000000	1	1.000000000	64	0	-263.680000000
4.130000000	-264.320000000	1	1.000000000	64	0	-264.320000000
4.140000000	-264.960000000	1	1.000000000	64	0	-264.960000000
4.150000000	-265.600000000	1	1.000000000	64	0	-265.600000000
4.160000000	-266.240000000	1	1.000000000	64	0	-266.240000000
4.170000000	-266.880000000	1	1.000000000	64	0	-266.880000000
4.180000000	-267.520000000	1	1.000000000	64	0	-267.520000000
4.190000000	-268.160000000	1	1.000000000	64	0	-268.160000000
4.200000000	-268.800000000	1	1.000000000	64	0	-268.800000000
4.210000000	-269.440000000	1	1.000000000	64	0	-269.440000000
4.220000000	-270.080000000	1	1.000000000	64	0	-270.080000000
4.230000000	-270.720000000	1	1.000000000	64	0	-270.720000000
4.240000000	-271.360000000	1	1.000000000	64	0	-271.360000000
4.250000000	-272.000000000	1	1.000000000	64	0	-272.000000000
4.260000000	-272.640000000	1	1.000000000	64	0	-272.640000000
4.270000000	-273.280000000	1	1.000000000	64	0	-273.280000000
4.280000000	-273.920000000	1	1.000000000	64	0	-273.920000000
4.290000000	-274.560000000	1	1.000000000	64	0	-274.560000000
4.300000000	-275.200000000	1	1.000000000	64	0	-275.200000000
4.310000000	-275.840000000	1	1.000000000	64	0	-275.840000000
4.320000000	-276.480000000	1	1.000000000	64	0	-276.480000000
4.330000000	-277.120000000	1	1.000000000	64	0	-277.120000000
4.340000000	-277.760000000	1	1.000000000	64	0	-277.760000000
4.350000000	-278.400000000	1	1.000000000	64	0	-278.400000000
4.360000000	-279.040000000	1	1.000000000	64	0	-279.040000000
4.370000000	-279.680000000	1	1.000000000	64	0	-279.680000000
4.380000000	-280.320000000	1	1.000000000	64	0	-280.320000000
4.390000000	-280.960000000	1	1.000000000	64	0	-280.960000000
4.400000000	-281.600000000	1	1.000000000	64	0	-281.600000000
4.410000000	-282.240000000	1	1.000000000	64	0	-282.240000000
4.420000000	-282.880000000	1	1.000000000	64	0	-282.880000000
4.430000000	-283.520000000	1	1.000000000	64	0	-283.520000000
4.440000000	-284.160000000	1	1.000000000	64	0	-284.160000000
4.450000000	-284.800000000	1	1.000000000	64	0	-284.800000000
4.460000000	-285.440000000	1	1.000000000	64	0	-285.440000000
4.470000000	-286.080000000	1	1.000000000	64	0	-286.080000000
4.480000000	-286.720000000	1	1.000000000	64	0	-286.720000000
4.490000000	-287.360000000	1	1.000000000	64	0	-287.360000000
4.500000000	-288.000000000	1	1.000000000	64	0	-288.000000000
4.500000000	-288.000000000	1	1.000000000	64	0	-288.000000000
4.510000000	-288.640000000	1	1.000000000	64	0	-288.640000000
4.520000000	-289.280000000	1	1.000000000	64	0	-289.280000000
4.530000000	-289.920000000	1	1.000000000	64	0	-289.920000000
4.540000000	-290.560000000	1	1.000000000	64	0	-290.560000000
4.550000000	-291.200000000	1	1.000000000	64	0	-291.200000000
4.560000000	-291.840000000	1	1.000000000	64	0	-291.840000000
4.570000000	-292.480000000	1	1.000000000	64	0	-292.480000000
4.580000000	-293.120000000	1	1.000000000	64	0	-293.120000000
4.590000000	-293.760000000	1	1.000000000	64	0	-293.760000000
4.600000000	-294.400000000	1	1.000000000	64	0	-294.400000000
4.610000000	-295.040000000	1	1.000000000	64	0	-295.040000000
4.620000000	-295.680000000	1	1.000000000	64	0	-295.680000000
4.630000000	-296.320000000	1	1.000000000	64	0	-296.320000000
4.640000000	-296.960000000	1	1.000000000	64	0	-296.960000000
4.650000000	-297.600000000	1	1.000000000	64	0	-297.600000000
4.660000000	-298.240000000	1	1.000000000	64	0	-298.240000000
4.670000000	-298.880000000	1	1.000000000	64	0	-298.880000000
4.680000000	-299.520000000	1	1.000000000	64	0	-299.520000000
4.690000000	-300.160000000	1	1.000000000	64	0	-300.160000000
4.700000000	-300.800000000	1	1.000000000	64	0	-300.800000000
4.710000000	-301.440000000	1	1.000000000	64	0	-301.440000000
4.720000000	-302.080000000	1	1.000000000	64	0	-302.080000000
4.730000000	-302.720000000	1	1.000000000	64	0	-302.720000000
4.740000000	-303.360000000	1	1.000000000	64	0	-303.360000000
4.750000000	-304.000000000	1	1.000000000	64	0	-304.000000000
4.760000000	-304.640000000	1	1.000000000	64	0	-304.640000000
4.770000000	-305.280000000	1	1.000000000	64	0	-305.280000000
4.780000000	-305.920000000	1	1.000000000	64	0	-305.920000000
4.790000000	-306.560000000	1	1.000000000	64	0	-306.560000000
4.800000000	-307.200000000	1	1.000000000	64	0	-307.200000000
4.810000000	-307.840000000	1	1.000000000	64	0	-307.840000000
4.820000000	-308.480000000	1	1.000000000	64	0	-308.480000000
4.830000000	-309.120000000	1	1.000000000	64	0	-309.120000000
4.840000000	-309.760000000	1	1.000000000	64	0	-309.760000000
4.850000000	-310.400000000	1	1.000000000	64	0	-310.400000000
4.860000000	-311.040000000	1	1.000000000	64	0	-311.040000000
4.870000000	-311.680000000	1	1.000000000	64	0	-311.680000000
4.880000000	-312.320000000	1	1.000000000	64	0	-312.320000000
4.890000000	-312.960000000	1	1.000000000	64	0	-312.960000000
4.900000000	-313.600000000	1	1.000000000	64	0	-313.600000000
4.910000000	-314.240000000	1	1.000000000	64	0	-314.240000000
4.920000000	-314.880000000	1	1.000000000	64	0	-314.880000000
4.930000000	-315.520000000	1	1.000000000	64	0	-315.520000000
4.940000000	-316.160000000	1	1.000000000	64	0	-316.160000000
4.950000000	-316.800000000	1	1.000000000	64	0	-316.800000000
4.960000000	-317.440000000	1	1.000000000	64	0	-317.440000000
4.970000000	-318.080000000	1	1.000000000	64	0	-318.080000000
4.980000000	-318.720000000	1	1.000000000	64	0	-318.720000000
4.990000000	-319.360000000	1	1.000000000	64	0	-319.360000000
5.000000000	-320.000000000	1	1.000000000	64	0	-320.000000000
