#H	log(g(EgsH))	g(EgsH)	EgsH
0	4.15888	64	-82
0.01	0	1	-82.18
0.02	0	1	-82.36
0.03	0	1	-82.54
0.04	0	1	-82.72
0.05	0	1	-82.9
0.06	0	1	-83.08
0.07	0	1	-83.26
0.08	0	1	-83.44
0.09	0	1	-83.62
0.1	0	1	-83.8
0.1	0	1	-83.8
0.11	0	1	-83.98
0.111111	0	1	-84
0.12	0	1	-84.16
0.125	0	1	-84.25
0.13	0	1	-84.34
0.14	0	1	-84.52
0.142857	0	1	-84.5714
0.15	0	1	-84.7
0.16	0	1	-84.88
0.166667	0	1	-85
0.17	0	1	-85.06
0.18	0	1	-85.24
0.19	0	1	-85.42
0.2	0.693147	2	-85.6
0.2	0.693147	2	-85.6
0.2	0.693147	2	-85.6
0.21	0	1	-85.88
0.22	0	1	-86.16
0.222222	0	1	-86.2222
0.23	0	1	-86.44
0.24	0	1	-86.72
0.25	0	1	-87
0.25	0	1	-87
0.25	0	1	-87
0.26	0	1	-87.28
0.27	0	1	-87.56
0.28	0	1	-87.84
0.285714	0	1	-88
0.29	0	1	-88.12
0.3	0	1	-88.4
0.3	0	1	-88.4
0.31	0	1	-88.68
0.32	0	1	-88.96
0.33	0	1	-89.24
0.333333	0	1	-89.3333
0.333333	0	1	-89.3333
0.333333	0	1	-89.3333
0.34	0	1	-89.52
0.35	0	1	-89.8
0.36	0	1	-90.08
0.37	0	1	-90.36
0.375	0	1	-90.5
0.38	0	1	-90.64
0.39	0	1	-90.92
0.4	0	1	-91.2
0.4	0	1	-91.2
0.4	0	1	-91.2
0.41	0	1	-91.48
0.42	0	1	-91.76
0.428571	0	1	-92
0.43	0	1	-92.04
0.44	0	1	-92.32
0.444444	0	1	-92.4444
0.45	0	1	-92.6
0.46	0	1	-92.88
0.47	0	1	-93.16
0.48	0	1	-93.44
0.49	0	1	-93.72
0.5	0	1	-94
0.5	0	1	-94
0.5	0	1	-94
0.5	0	1	-94
0.5	0	1	-94
0.5	0	1	-94
0.51	0	1	-94.28
0.52	0	1	-94.56
0.53	0	1	-94.84
0.54	0	1	-95.12
0.55	0	1	-95.4
0.555556	0	1	-95.5556
0.56	0	1	-95.68
0.57	0	1	-95.96
0.571429	0	1	-96
0.58	0	1	-96.24
0.59	0	1	-96.52
0.6	0	1	-96.8
0.6	0	1	-96.8
0.6	0	1	-96.8
0.61	0	1	-97.08
0.62	0	1	-97.36
0.625	0	1	-97.5
0.63	0	1	-97.64
0.64	0	1	-97.92
0.65	0	1	-98.2
0.66	0	1	-98.48
0.666667	0	1	-98.6667
0.666667	0	1	-98.6667
0.666667	0	1	-98.6667
0.67	0	1	-98.76
0.68	0	1	-99.04
0.69	0	1	-99.32
0.7	0	1	-99.6
0.7	0	1	-99.6
0.71	0	1	-99.88
0.714286	0	1	-100
0.72	0	1	-100.16
0.73	0	1	-100.44
0.74	0	1	-100.72
0.75	0	1	-101
0.75	0	1	-101
0.75	0	1	-101
0.76	0	1	-101.28
0.77	0	1	-101.56
0.777778	0	1	-101.778
0.78	0	1	-101.84
0.79	0	1	-102.12
0.8	0	1	-102.4
0.8	0	1	-102.4
0.8	0	1	-102.4
0.81	0	1	-102.68
0.82	0	1	-102.96
0.83	0	1	-103.24
0.833333	0	1	-103.333
0.84	0	1	-103.52
0.85	0	1	-103.8
0.857143	0	1	-104
0.86	0	1	-104.08
0.87	0	1	-104.36
0.875	0	1	-104.5
0.88	0	1	-104.64
0.888889	0	1	-104.889
0.89	0	1	-104.92
0.9	0	1	-105.2
0.9	0	1	-105.2
0.91	0	1	-105.48
0.92	0	1	-105.76
0.93	0	1	-106.04
0.94	0	1	-106.32
0.95	0	1	-106.6
0.96	0	1	-106.88
0.97	0	1	-107.16
0.98	0	1	-107.44
0.99	0	1	-107.72
1	2.63906	14	-108
1.01	0	1	-108.34
1.02	0	1	-108.68
1.03	0	1	-109.02
1.04	0	1	-109.36
1.05	0	1	-109.7
1.06	0	1	-110.04
1.07	0	1	-110.38
1.08	0	1	-110.72
1.09	0	1	-111.06
1.1	0	1	-111.4
1.11	0	1	-111.74
1.12	0	1	-112.08
1.125	0	1	-112.25
1.13	0	1	-112.42
1.14	0	1	-112.76
1.14286	0	1	-112.857
1.15	0	1	-113.1
1.16	0	1	-113.44
1.16667	0	1	-113.667
1.17	0	1	-113.78
1.18	0	1	-114.12
1.19	0	1	-114.46
1.2	0	1	-114.8
1.2	0	1	-114.8
1.21	0	1	-115.14
1.22	0	1	-115.48
1.23	0	1	-115.82
1.24	0	1	-116.16
1.25	0	1	-116.5
1.25	0	1	-116.5
1.26	0	1	-116.84
1.27	0	1	-117.18
1.28	0	1	-117.52
1.28571	0	1	-117.714
1.29	0	1	-117.86
1.3	0	1	-118.2
1.31	0	1	-118.54
1.32	0	1	-118.88
1.33	0	1	-119.22
1.33333	1.79176	6	-119.333
1.33333	1.79176	6	-119.333
1.34	0.693147	2	-119.64
1.35	0.693147	2	-120.1
1.36	0.693147	2	-120.56
1.37	0.693147	2	-121.02
1.38	0.693147	2	-121.48
1.39	0.693147	2	-121.94
1.4	0.693147	2	-122.4
1.4	0.693147	2	-122.4
1.41	0.693147	2	-122.86
1.42	0.693147	2	-123.32
1.43	0.693147	2	-123.78
1.44	0.693147	2	-124.24
1.45	0.693147	2	-124.7
1.46	0.693147	2	-125.16
1.47	0.693147	2	-125.62
1.48	0.693147	2	-126.08
1.49	0.693147	2	-126.54
1.5	0.693147	2	-127
1.5	0.693147	2	-127
1.5	0.693147	2	-127
1.5	0.693147	2	-127
1.51	0.693147	2	-127.46
1.52	0.693147	2	-127.92
1.53	0.693147	2	-128.38
1.54	0.693147	2	-128.84
1.55	0.693147	2	-129.3
1.56	0.693147	2	-129.76
1.57	0.693147	2	-130.22
1.58	0.693147	2	-130.68
1.59	0.693147	2	-131.14
1.6	0.693147	2	-131.6
1.6	0.693147	2	-131.6
1.61	0.693147	2	-132.06
1.62	0.693147	2	-132.52
1.63	0.693147	2	-132.98
1.64	0.693147	2	-133.44
1.65	0.693147	2	-133.9
1.66	0.693147	2	-134.36
1.66667	0.693147	2	-134.667
1.67	0.693147	2	-134.82
1.68	0.693147	2	-135.28
1.69	0.693147	2	-135.74
1.7	0.693147	2	-136.2
1.71	0.693147	2	-136.66
1.72	0.693147	2	-137.12
1.73	0.693147	2	-137.58
1.74	0.693147	2	-138.04
1.75	0.693147	2	-138.5
1.75	0.693147	2	-138.5
1.76	0.693147	2	-138.96
1.77	0.693147	2	-139.42
1.78	0.693147	2	-139.88
1.79	0.693147	2	-140.34
1.8	0.693147	2	-140.8
1.8	0.693147	2	-140.8
1.81	0.693147	2	-141.26
1.82	0.693147	2	-141.72
1.83	0.693147	2	-142.18
1.84	0.693147	2	-142.64
1.85	0.693147	2	-143.1
1.86	0.693147	2	-143.56
1.87	0.693147	2	-144.02
1.88	0.693147	2	-144.48
1.89	0.693147	2	-144.94
1.9	0.693147	2	-145.4
1.91	0.693147	2	-145.86
1.92	0.693147	2	-146.32
1.93	0.693147	2	-146.78
1.94	0.693147	2	-147.24
1.95	0.693147	2	-147.7
1.96	0.693147	2	-148.16
1.97	0.693147	2	-148.62
1.98	0.693147	2	-149.08
1.99	0.693147	2	-149.54
2	3.04452	21	-150
2	3.04452	21	-150
2	3.04452	21	-150
2	3.04452	21	-150
2.01	1.38629	4	-150.52
2.02	1.38629	4	-151.04
2.03	1.38629	4	-151.56
2.04	1.38629	4	-152.08
2.05	1.38629	4	-152.6
2.06	1.38629	4	-153.12
2.07	1.38629	4	-153.64
2.08	1.38629	4	-154.16
2.09	1.38629	4	-154.68
2.1	1.38629	4	-155.2
2.11	1.38629	4	-155.72
2.12	1.38629	4	-156.24
2.13	1.38629	4	-156.76
2.14	1.38629	4	-157.28
2.15	1.38629	4	-157.8
2.16	1.38629	4	-158.32
2.17	1.38629	4	-158.84
2.18	1.38629	4	-159.36
2.19	1.38629	4	-159.88
2.2	1.38629	4	-160.4
2.21	1.38629	4	-160.92
2.22	1.38629	4	-161.44
2.23	1.38629	4	-161.96
2.24	1.38629	4	-162.48
2.25	1.38629	4	-163
2.25	1.38629	4	-163
2.26	1.38629	4	-163.52
2.27	1.38629	4	-164.04
2.28	1.38629	4	-164.56
2.29	1.38629	4	-165.08
2.3	1.38629	4	-165.6
2.31	1.38629	4	-166.12
2.32	1.38629	4	-166.64
2.33	1.38629	4	-167.16
2.33333	1.38629	4	-167.333
2.34	1.38629	4	-167.68
2.35	1.38629	4	-168.2
2.36	1.38629	4	-168.72
2.37	1.38629	4	-169.24
2.38	1.38629	4	-169.76
2.39	1.38629	4	-170.28
2.4	1.38629	4	-170.8
2.41	1.38629	4	-171.32
2.42	1.38629	4	-171.84
2.43	1.38629	4	-172.36
2.44	1.38629	4	-172.88
2.45	1.38629	4	-173.4
2.46	1.38629	4	-173.92
2.47	1.38629	4	-174.44
2.48	1.38629	4	-174.96
2.49	1.38629	4	-175.48
2.5	1.38629	4	-176
2.5	1.38629	4	-176
2.51	1.38629	4	-176.52
2.52	1.38629	4	-177.04
2.53	1.38629	4	-177.56
2.54	1.38629	4	-178.08
2.55	1.38629	4	-178.6
2.56	1.38629	4	-179.12
2.57	1.38629	4	-179.64
2.58	1.38629	4	-180.16
2.59	1.38629	4	-180.68
2.6	1.38629	4	-181.2
2.61	1.38629	4	-181.72
2.62	1.38629	4	-182.24
2.63	1.38629	4	-182.76
2.64	1.38629	4	-183.28
2.65	1.38629	4	-183.8
2.66	1.38629	4	-184.32
2.66667	1.38629	4	-184.667
2.67	1.38629	4	-184.84
2.68	1.38629	4	-185.36
2.69	1.38629	4	-185.88
2.7	1.38629	4	-186.4
2.71	1.38629	4	-186.92
2.72	1.38629	4	-187.44
2.73	1.38629	4	-187.96
2.74	1.38629	4	-188.48
2.75	1.38629	4	-189
2.76	1.38629	4	-189.52
2.77	1.38629	4	-190.04
2.78	1.38629	4	-190.56
2.79	1.38629	4	-191.08
2.8	1.38629	4	-191.6
2.81	1.38629	4	-192.12
2.82	1.38629	4	-192.64
2.83	1.38629	4	-193.16
2.84	1.38629	4	-193.68
2.85	1.38629	4	-194.2
2.86	1.38629	4	-194.72
2.87	1.38629	4	-195.24
2.88	1.38629	4	-195.76
2.89	1.38629	4	-196.28
2.9	1.38629	4	-196.8
2.91	1.38629	4	-197.32
2.92	1.38629	4	-197.84
2.93	1.38629	4	-198.36
2.94	1.38629	4	-198.88
2.95	1.38629	4	-199.4
2.96	1.38629	4	-199.92
2.97	1.38629	4	-200.44
2.98	1.38629	4	-200.96
2.99	1.38629	4	-201.48
3	1.79176	6	-202
3	1.79176	6	-202
3	1.79176	6	-202
3.01	0.693147	2	-202.54
3.02	0.693147	2	-203.08
3.03	0.693147	2	-203.62
3.04	0.693147	2	-204.16
3.05	0.693147	2	-204.7
3.06	0.693147	2	-205.24
3.07	0.693147	2	-205.78
3.08	0.693147	2	-206.32
3.09	0.693147	2	-206.86
3.1	0.693147	2	-207.4
3.11	0.693147	2	-207.94
3.12	0.693147	2	-208.48
3.13	0.693147	2	-209.02
3.14	0.693147	2	-209.56
3.15	0.693147	2	-210.1
3.16	0.693147	2	-210.64
3.17	0.693147	2	-211.18
3.18	0.693147	2	-211.72
3.19	0.693147	2	-212.26
3.2	0.693147	2	-212.8
3.21	0.693147	2	-213.34
3.22	0.693147	2	-213.88
3.23	0.693147	2	-214.42
3.24	0.693147	2	-214.96
3.25	0.693147	2	-215.5
3.26	0.693147	2	-216.04
3.27	0.693147	2	-216.58
3.28	0.693147	2	-217.12
3.29	0.693147	2	-217.66
3.3	0.693147	2	-218.2
3.31	0.693147	2	-218.74
3.32	0.693147	2	-219.28
3.33	0.693147	2	-219.82
3.34	0.693147	2	-220.36
3.35	0.693147	2	-220.9
3.36	0.693147	2	-221.44
3.37	0.693147	2	-221.98
3.38	0.693147	2	-222.52
3.39	0.693147	2	-223.06
3.4	0.693147	2	-223.6
3.41	0.693147	2	-224.14
3.42	0.693147	2	-224.68
3.43	0.693147	2	-225.22
3.44	0.693147	2	-225.76
3.45	0.693147	2	-226.3
3.46	0.693147	2	-226.84
3.47	0.693147	2	-227.38
3.48	0.693147	2	-227.92
3.49	0.693147	2	-228.46
3.5	0.693147	2	-229
3.5	0.693147	2	-229
3.51	0.693147	2	-229.54
3.52	0.693147	2	-230.08
3.53	0.693147	2	-230.62
3.54	0.693147	2	-231.16
3.55	0.693147	2	-231.7
3.56	0.693147	2	-232.24
3.57	0.693147	2	-232.78
3.58	0.693147	2	-233.32
3.59	0.693147	2	-233.86
3.6	0.693147	2	-234.4
3.61	0.693147	2	-234.94
3.62	0.693147	2	-235.48
3.63	0.693147	2	-236.02
3.64	0.693147	2	-236.56
3.65	0.693147	2	-237.1
3.66	0.693147	2	-237.64
3.67	0.693147	2	-238.18
3.68	0.693147	2	-238.72
3.69	0.693147	2	-239.26
3.7	0.693147	2	-239.8
3.71	0.693147	2	-240.34
3.72	0.693147	2	-240.88
3.73	0.693147	2	-241.42
3.74	0.693147	2	-241.96
3.75	0.693147	2	-242.5
3.76	0.693147	2	-243.04
3.77	0.693147	2	-243.58
3.78	0.693147	2	-244.12
3.79	0.693147	2	-244.66
3.8	0.693147	2	-245.2
3.81	0.693147	2	-245.74
3.82	0.693147	2	-246.28
3.83	0.693147	2	-246.82
3.84	0.693147	2	-247.36
3.85	0.693147	2	-247.9
3.86	0.693147	2	-248.44
3.87	0.693147	2	-248.98
3.88	0.693147	2	-249.52
3.89	0.693147	2	-250.06
3.9	0.693147	2	-250.6
3.91	0.693147	2	-251.14
3.92	0.693147	2	-251.68
3.93	0.693147	2	-252.22
3.94	0.693147	2	-252.76
3.95	0.693147	2	-253.3
3.96	0.693147	2	-253.84
3.97	0.693147	2	-254.38
3.98	0.693147	2	-254.92
3.99	0.693147	2	-255.46
4	4.09434	60	-256
4	4.09434	60	-256
4.01	0	1	-256.64
4.02	0	1	-257.28
4.03	0	1	-257.92
4.04	0	1	-258.56
4.05	0	1	-259.2
4.06	0	1	-259.84
4.07	0	1	-260.48
4.08	0	1	-261.12
4.09	0	1	-261.76
4.1	0	1	-262.4
4.11	0	1	-263.04
4.12	0	1	-263.68
4.13	0	1	-264.32
4.14	0	1	-264.96
4.15	0	1	-265.6
4.16	0	1	-266.24
4.17	0	1	-266.88
4.18	0	1	-267.52
4.19	0	1	-268.16
4.2	0	1	-268.8
4.21	0	1	-269.44
4.22	0	1	-270.08
4.23	0	1	-270.72
4.24	0	1	-271.36
4.25	0	1	-272
4.26	0	1	-272.64
4.27	0	1	-273.28
4.28	0	1	-273.92
4.29	0	1	-274.56
4.3	0	1	-275.2
4.31	0	1	-275.84
4.32	0	1	-276.48
4.33	0	1	-277.12
4.34	0	1	-277.76
4.35	0	1	-278.4
4.36	0	1	-279.04
4.37	0	1	-279.68
4.38	0	1	-280.32
4.39	0	1	-280.96
4.4	0	1	-281.6
4.41	0	1	-282.24
4.42	0	1	-282.88
4.43	0	1	-283.52
4.44	0	1	-284.16
4.45	0	1	-284.8
4.46	0	1	-285.44
4.47	0	1	-286.08
4.48	0	1	-286.72
4.49	0	1	-287.36
4.5	0	1	-288
4.5	0	1	-288
4.51	0	1	-288.64
4.52	0	1	-289.28
4.53	0	1	-289.92
4.54	0	1	-290.56
4.55	0	1	-291.2
4.56	0	1	-291.84
4.57	0	1	-292.48
4.58	0	1	-293.12
4.59	0	1	-293.76
4.6	0	1	-294.4
4.61	0	1	-295.04
4.62	0	1	-295.68
4.63	0	1	-296.32
4.64	0	1	-296.96
4.65	0	1	-297.6
4.66	0	1	-298.24
4.67	0	1	-298.88
4.68	0	1	-299.52
4.69	0	1	-300.16
4.7	0	1	-300.8
4.71	0	1	-301.44
4.72	0	1	-302.08
4.73	0	1	-302.72
4.74	0	1	-303.36
4.75	0	1	-304
4.76	0	1	-304.64
4.77	0	1	-305.28
4.78	0	1	-305.92
4.79	0	1	-306.56
4.8	0	1	-307.2
4.81	0	1	-307.84
4.82	0	1	-308.48
4.83	0	1	-309.12
4.84	0	1	-309.76
4.85	0	1	-310.4
4.86	0	1	-311.04
4.87	0	1	-311.68
4.88	0	1	-312.32
4.89	0	1	-312.96
4.9	0	1	-313.6
4.91	0	1	-314.24
4.92	0	1	-314.88
4.93	0	1	-315.52
4.94	0	1	-316.16
4.95	0	1	-316.8
4.96	0	1	-317.44
4.97	0	1	-318.08
4.98	0	1	-318.72
4.99	0	1	-319.36
5	0	1	-320
