#T	E/N	M/N	C/N	Xi/N
0.0001	-0.0200195	0.00256348	0	38.4521
0.0101	-0.0200195	0.00256348	0	0.380714
0.0201	-0.0200195	0.00256348	0	0.191304
0.0301	-0.0200195	0.00256348	0	0.127748
0.0401	-0.0200195	0.00256348	0	0.0958906
0.0501	-0.0200195	0.00256348	0	0.0767508
0.0601	-0.0200195	0.00256348	1.22948e-013	0.0639803
0.0701	-0.0200195	0.00256348	3.20821e-012	0.0548533
0.0801	-0.0200195	0.00256348	8.91153e-011	0.0480052
0.0901	-0.0200195	0.00256348	1.12568e-009	0.0426772
0.1001	-0.0200195	0.00256348	8.37706e-009	0.0384137
0.1101	-0.0200195	0.00256348	4.25104e-008	0.0349248
0.1201	-0.0200195	0.00256348	1.62128e-007	0.0320169
0.1301	-0.0200195	0.00256347	4.96914e-007	0.0295562
0.1401	-0.0200195	0.00256347	1.28378e-006	0.0274471
0.1501	-0.0200195	0.00256345	2.8949e-006	0.0256199
0.1601	-0.0200195	0.00256341	5.84817e-006	0.0240224
0.1701	-0.0200194	0.00256333	1.07962e-005	0.022615
0.1801	-0.0200192	0.0025632	1.84951e-005	0.0213675
0.1901	-0.020019	0.00256299	2.97586e-005	0.0202562
0.2001	-0.0200186	0.00256265	4.54048e-005	0.0192629
0.2101	-0.0200181	0.00256215	6.62019e-005	0.0183729
0.2201	-0.0200173	0.00256144	9.28179e-005	0.0175747
0.2301	-0.0200162	0.00256045	0.000125778	0.016859
0.2401	-0.0200147	0.00255914	0.000165434	0.0162181
0.2501	-0.0200129	0.00255745	0.000211938	0.0156459
0.2601	-0.0200105	0.00255531	0.00026524	0.0151367
0.2701	-0.0200075	0.00255266	0.000325078	0.0146861
0.2801	-0.020004	0.00254947	0.000390998	0.0142896
0.2901	-0.0199997	0.00254567	0.000462367	0.0139434
0.3001	-0.0199947	0.00254125	0.000538404	0.0136436
0.3101	-0.0199889	0.00253616	0.000618215	0.0133866
0.3201	-0.0199823	0.00253039	0.000700828	0.0131687
0.3301	-0.0199749	0.00252395	0.000785238	0.0129865
0.3401	-0.0199666	0.00251684	0.000870449	0.0128362
0.3501	-0.0199575	0.00250908	0.000955507	0.0127144
0.3601	-0.0199475	0.0025007	0.00103954	0.0126177
0.3701	-0.0199367	0.00249174	0.00112179	0.0125426
0.3801	-0.0199251	0.00248225	0.00120163	0.0124859
0.3901	-0.0199127	0.00247229	0.00127855	0.0124447
0.4001	-0.0198995	0.00246192	0.00135222	0.012416
0.4101	-0.0198856	0.00245119	0.00142244	0.0123972
0.4201	-0.0198711	0.00244018	0.00148913	0.0123859
0.4301	-0.0198559	0.00242895	0.00155237	0.0123801
0.4401	-0.01984	0.00241756	0.00161231	0.0123777
0.4501	-0.0198236	0.00240607	0.0016692	0.0123773
0.4601	-0.0198067	0.00239454	0.00172335	0.0123775
0.4701	-0.0197892	0.00238302	0.00177511	0.012377
0.4801	-0.0197712	0.00237156	0.00182488	0.012375
0.4901	-0.0197527	0.0023602	0.00187305	0.0123707
0.5001	-0.0197337	0.00234897	0.00192001	0.0123636
0.5101	-0.0197143	0.00233792	0.00196614	0.0123531
0.5201	-0.0196944	0.00232706	0.0020118	0.012339
0.5301	-0.0196741	0.00231642	0.00205733	0.012321
0.5401	-0.0196532	0.00230602	0.00210302	0.0122991
0.5501	-0.019632	0.00229587	0.00214912	0.0122732
0.5601	-0.0196103	0.00228598	0.00219588	0.0122433
0.5701	-0.0195881	0.00227636	0.00224347	0.0122094
0.5801	-0.0195654	0.00226701	0.00229204	0.0121716
0.5901	-0.0195422	0.00225793	0.00234173	0.0121301
0.6001	-0.0195186	0.00224913	0.00239262	0.012085
0.6101	-0.0194944	0.0022406	0.00244476	0.0120363
0.6201	-0.0194697	0.00223234	0.00249821	0.0119843
0.6301	-0.0194444	0.00222434	0.00255296	0.0119291
0.6401	-0.0194186	0.0022166	0.00260901	0.0118708
0.6501	-0.0193922	0.00220911	0.00266634	0.0118097
0.6601	-0.0193653	0.00220186	0.0027249	0.0117457
0.6701	-0.0193377	0.00219484	0.00278466	0.0116792
0.6801	-0.0193096	0.00218805	0.00284554	0.0116102
0.6901	-0.0192808	0.00218147	0.00290747	0.0115388
0.7001	-0.0192514	0.00217511	0.00297039	0.0114652
0.7101	-0.0192214	0.00216894	0.0030342	0.0113895
0.7201	-0.0191907	0.00216297	0.00309882	0.0113118
0.7301	-0.0191594	0.00215717	0.00316417	0.0112323
0.7401	-0.0191274	0.00215155	0.00323016	0.011151
0.7501	-0.0190948	0.00214609	0.00329669	0.0110682
0.7601	-0.0190615	0.00214079	0.00336368	0.0109838
0.7701	-0.0190275	0.00213563	0.00343105	0.0108979
0.7801	-0.0189929	0.00213061	0.00349869	0.0108108
0.7901	-0.0189576	0.00212572	0.00356653	0.0107224
0.8001	-0.0189215	0.00212095	0.00363449	0.0106329
0.8101	-0.0188849	0.0021163	0.00370248	0.0105424
0.8201	-0.0188475	0.00211175	0.00377043	0.010451
0.8301	-0.0188095	0.0021073	0.00383826	0.0103587
0.8401	-0.0187707	0.00210295	0.00390589	0.0102657
0.8501	-0.0187313	0.00209868	0.00397326	0.0101721
0.8601	-0.0186913	0.00209449	0.0040403	0.0100778
0.8701	-0.0186505	0.00209037	0.00410694	0.00998313
0.8801	-0.0186091	0.00208631	0.00417313	0.00988802
0.8901	-0.0185671	0.00208232	0.00423879	0.0097926
0.9001	-0.0185244	0.00207838	0.00430389	0.00969694
0.9101	-0.018481	0.00207449	0.00436836	0.00960114
0.9201	-0.018437	0.00207065	0.00443214	0.00950525
0.9301	-0.0183924	0.00206685	0.0044952	0.00940937
0.9401	-0.0183471	0.00206308	0.00455749	0.00931355
0.9501	-0.0183012	0.00205934	0.00461895	0.00921788
0.9601	-0.0182547	0.00205563	0.00467955	0.00912241
0.9701	-0.0182076	0.00205194	0.00473925	0.00902722
0.9801	-0.0181599	0.00204827	0.004798	0.00893237
0.9901	-0.0181117	0.00204462	0.00485577	0.00883792
1.0001	-0.0180628	0.00204098	0.00491254	0.00874392
1.0101	-0.0180134	0.00203735	0.00496825	0.00865043
1.0201	-0.0179635	0.00203373	0.00502289	0.0085575
1.0301	-0.017913	0.00203012	0.00507642	0.00846519
1.0401	-0.0178619	0.00202652	0.00512881	0.00837354
1.0501	-0.0178104	0.00202291	0.00518005	0.00828259
1.0601	-0.0177583	0.00201931	0.00523009	0.00819238
1.0701	-0.0177058	0.00201571	0.00527893	0.00810296
1.0801	-0.0176528	0.00201211	0.00532653	0.00801436
1.0901	-0.0175993	0.00200851	0.00537288	0.0079266
1.1001	-0.0175453	0.00200491	0.00541796	0.00783974
1.1101	-0.0174909	0.00200131	0.00546175	0.00775378
1.1201	-0.0174361	0.00199771	0.00550423	0.00766875
1.1301	-0.0173808	0.0019941	0.00554539	0.00758469
1.1401	-0.0173252	0.00199049	0.00558522	0.0075016
1.1501	-0.0172691	0.00198689	0.0056237	0.00741952
1.1601	-0.0172127	0.00198328	0.00566082	0.00733844
1.1701	-0.0171559	0.00197967	0.00569658	0.00725839
1.1801	-0.0170988	0.00197607	0.00573095	0.00717938
1.1901	-0.0170413	0.00197246	0.00576395	0.00710142
1.2001	-0.0169835	0.00196886	0.00579555	0.00702451
1.2101	-0.0169254	0.00196526	0.00582576	0.00694867
1.2201	-0.016867	0.00196167	0.00585457	0.00687389
1.2301	-0.0168083	0.00195808	0.00588198	0.00680018
1.2401	-0.0167494	0.00195451	0.00590799	0.00672754
1.2501	-0.0166902	0.00195093	0.0059326	0.00665597
1.2601	-0.0166307	0.00194737	0.0059558	0.00658546
1.2701	-0.016571	0.00194382	0.00597761	0.00651603
1.2801	-0.0165112	0.00194029	0.00599803	0.00644765
1.2901	-0.0164511	0.00193676	0.00601705	0.00638032
1.3001	-0.0163908	0.00193325	0.0060347	0.00631405
1.3101	-0.0163304	0.00192976	0.00605096	0.00624881
1.3201	-0.0162698	0.00192628	0.00606586	0.00618461
1.3301	-0.0162091	0.00192282	0.0060794	0.00612143
1.3401	-0.0161482	0.00191939	0.0060916	0.00605927
1.3501	-0.0160873	0.00191597	0.00610246	0.00599811
1.3601	-0.0160262	0.00191258	0.00611199	0.00593794
1.3701	-0.015965	0.0019092	0.00612022	0.00587876
1.3801	-0.0159038	0.00190586	0.00612715	0.00582054
1.3901	-0.0158425	0.00190254	0.0061328	0.00576328
1.4001	-0.0157811	0.00189924	0.00613719	0.00570696
1.4101	-0.0157197	0.00189597	0.00614034	0.00565157
1.4201	-0.0156583	0.00189273	0.00614226	0.0055971
1.4301	-0.0155969	0.00188952	0.00614297	0.00554353
1.4401	-0.0155355	0.00188634	0.00614249	0.00549085
1.4501	-0.0154741	0.00188318	0.00614084	0.00543904
1.4601	-0.0154127	0.00188006	0.00613805	0.00538809
1.4701	-0.0153513	0.00187697	0.00613413	0.00533799
1.4801	-0.01529	0.00187391	0.00612911	0.00528872
1.4901	-0.0152287	0.00187089	0.00612301	0.00524026
1.5001	-0.0151675	0.0018679	0.00611586	0.00519261
1.5101	-0.0151064	0.00186494	0.00610768	0.00514574
1.5201	-0.0150454	0.00186201	0.00609848	0.00509965
1.5301	-0.0149844	0.00185912	0.00608831	0.00505431
1.5401	-0.0149236	0.00185626	0.00607718	0.00500972
1.5501	-0.0148629	0.00185343	0.00606512	0.00496585
1.5601	-0.0148023	0.00185064	0.00605215	0.00492271
1.5701	-0.0147419	0.00184789	0.00603831	0.00488026
1.5801	-0.0146816	0.00184517	0.00602361	0.0048385
1.5901	-0.0146214	0.00184248	0.00600808	0.00479741
1.6001	-0.0145614	0.00183983	0.00599175	0.00475699
1.6101	-0.0145016	0.00183721	0.00597465	0.00471721
1.6201	-0.0144419	0.00183462	0.00595679	0.00467806
1.6301	-0.0143824	0.00183207	0.00593822	0.00463953
1.6401	-0.0143231	0.00182955	0.00591894	0.00460161
1.6501	-0.0142641	0.00182707	0.005899	0.00456429
1.6601	-0.0142052	0.00182462	0.00587841	0.00452755
1.6701	-0.0141465	0.0018222	0.00585721	0.00449138
1.6801	-0.014088	0.00181982	0.0058354	0.00445577
1.6901	-0.0140298	0.00181747	0.00581303	0.0044207
1.7001	-0.0139718	0.00181515	0.00579012	0.00438617
1.7101	-0.013914	0.00181286	0.00576668	0.00435216
1.7201	-0.0138564	0.0018106	0.00574275	0.00431867
1.7301	-0.0137991	0.00180838	0.00571835	0.00428568
1.7401	-0.0137421	0.00180618	0.0056935	0.00425318
1.7501	-0.0136853	0.00180402	0.00566822	0.00422116
1.7601	-0.0136287	0.00180188	0.00564254	0.00418961
1.7701	-0.0135724	0.00179978	0.00561648	0.00415853
1.7801	-0.0135164	0.0017977	0.00559006	0.00412789
1.7901	-0.0134606	0.00179565	0.0055633	0.0040977
1.8001	-0.0134051	0.00179363	0.00553623	0.00406794
1.8101	-0.0133499	0.00179164	0.00550886	0.0040386
1.8201	-0.0132949	0.00178967	0.00548121	0.00400968
1.8301	-0.0132403	0.00178774	0.0054533	0.00398117
1.8401	-0.0131859	0.00178583	0.00542516	0.00395305
1.8501	-0.0131318	0.00178394	0.00539679	0.00392532
1.8601	-0.0130779	0.00178208	0.00536822	0.00389798
1.8701	-0.0130244	0.00178025	0.00533947	0.003871
1.8801	-0.0129711	0.00177843	0.00531055	0.0038444
1.8901	-0.0129182	0.00177665	0.00528147	0.00381815
1.9001	-0.0128655	0.00177489	0.00525226	0.00379226
1.9101	-0.0128131	0.00177315	0.00522293	0.0037667
1.9201	-0.0127611	0.00177143	0.00519349	0.00374149
1.9301	-0.0127093	0.00176974	0.00516395	0.00371661
1.9401	-0.0126578	0.00176807	0.00513434	0.00369205
1.9501	-0.0126066	0.00176642	0.00510467	0.00366781
1.9601	-0.0125557	0.00176479	0.00507494	0.00364388
1.9701	-0.0125051	0.00176318	0.00504517	0.00362026
1.9801	-0.0124548	0.00176159	0.00501538	0.00359693
1.9901	-0.0124048	0.00176002	0.00498556	0.0035739
2.0001	-0.0123551	0.00175848	0.00495575	0.00355116
2.0101	-0.0123057	0.00175695	0.00492593	0.0035287
2.0201	-0.0122566	0.00175544	0.00489614	0.00350652
2.0301	-0.0122077	0.00175395	0.00486636	0.00348461
2.0401	-0.0121592	0.00175248	0.00483662	0.00346297
2.0501	-0.012111	0.00175102	0.00480693	0.00344159
2.0601	-0.0120631	0.00174958	0.00477728	0.00342047
2.0701	-0.0120155	0.00174816	0.0047477	0.0033996
2.0801	-0.0119681	0.00174676	0.00471818	0.00337898
2.0901	-0.0119211	0.00174537	0.00468874	0.00335861
2.1001	-0.0118744	0.001744	0.00465938	0.00333847
2.1101	-0.0118279	0.00174265	0.00463011	0.00331856
2.1201	-0.0117818	0.00174131	0.00460094	0.00329889
2.1301	-0.0117359	0.00173998	0.00457186	0.00327945
2.1401	-0.0116903	0.00173867	0.0045429	0.00326022
2.1501	-0.011645	0.00173738	0.00451404	0.00324122
2.1601	-0.0116	0.0017361	0.0044853	0.00322243
2.1701	-0.0115553	0.00173483	0.00445669	0.00320386
2.1801	-0.0115109	0.00173358	0.0044282	0.00318549
2.1901	-0.0114668	0.00173234	0.00439985	0.00316732
2.2001	-0.0114229	0.00173112	0.00437163	0.00314936
2.2101	-0.0113793	0.00172991	0.00434354	0.00313159
2.2201	-0.011336	0.00172871	0.00431561	0.00311402
2.2301	-0.011293	0.00172752	0.00428781	0.00309664
2.2401	-0.0112503	0.00172635	0.00426017	0.00307945
2.2501	-0.0112078	0.00172519	0.00423268	0.00306244
2.2601	-0.0111656	0.00172404	0.00420535	0.00304561
2.2701	-0.0111237	0.0017229	0.00417817	0.00302897
2.2801	-0.0110821	0.00172178	0.00415115	0.0030125
2.2901	-0.0110407	0.00172066	0.00412429	0.0029962
2.3001	-0.0109996	0.00171956	0.0040976	0.00298007
2.3101	-0.0109587	0.00171847	0.00407108	0.00296412
2.3201	-0.0109181	0.00171739	0.00404472	0.00294832
2.3301	-0.0108778	0.00171632	0.00401853	0.00293269
2.3401	-0.0108378	0.00171526	0.00399251	0.00291723
2.3501	-0.010798	0.00171421	0.00396666	0.00290191
2.3601	-0.0107584	0.00171317	0.00394099	0.00288676
2.3701	-0.0107192	0.00171214	0.00391549	0.00287176
2.3801	-0.0106801	0.00171112	0.00389016	0.00285691
2.3901	-0.0106414	0.00171011	0.00386501	0.0028422
2.4001	-0.0106028	0.00170911	0.00384003	0.00282765
2.4101	-0.0105646	0.00170812	0.00381523	0.00281323
2.4201	-0.0105265	0.00170714	0.00379061	0.00279896
2.4301	-0.0104887	0.00170616	0.00376616	0.00278484
2.4401	-0.0104512	0.0017052	0.0037419	0.00277084
2.4501	-0.0104139	0.00170424	0.0037178	0.00275699
2.4601	-0.0103768	0.0017033	0.00369389	0.00274327
2.4701	-0.01034	0.00170236	0.00367015	0.00272968
2.4801	-0.0103034	0.00170143	0.00364659	0.00271622
2.4901	-0.0102671	0.00170051	0.00362321	0.00270289
2.5001	-0.010231	0.0016996	0.0036	0.00268969
2.5101	-0.0101951	0.00169869	0.00357697	0.00267661
2.5201	-0.0101594	0.0016978	0.00355412	0.00266366
2.5301	-0.010124	0.00169691	0.00353144	0.00265083
2.5401	-0.0100888	0.00169603	0.00350893	0.00263811
2.5501	-0.0100538	0.00169516	0.0034866	0.00262552
2.5601	-0.0100191	0.00169429	0.00346445	0.00261304
2.5701	-0.00998454	0.00169343	0.00344246	0.00260068
2.5801	-0.00995023	0.00169258	0.00342065	0.00258843
2.5901	-0.00991613	0.00169174	0.00339901	0.00257629
2.6001	-0.00988225	0.0016909	0.00337754	0.00256427
2.6101	-0.00984858	0.00169007	0.00335624	0.00255235
2.6201	-0.00981512	0.00168925	0.00333511	0.00254054
2.6301	-0.00978187	0.00168844	0.00331415	0.00252884
2.6401	-0.00974884	0.00168763	0.00329336	0.00251724
2.6501	-0.00971601	0.00168683	0.00327273	0.00250575
2.6601	-0.00968338	0.00168603	0.00325227	0.00249435
2.6701	-0.00965096	0.00168524	0.00323197	0.00248306
2.6801	-0.00961874	0.00168446	0.00321184	0.00247187
2.6901	-0.00958672	0.00168368	0.00319186	0.00246078
2.7001	-0.0095549	0.00168292	0.00317205	0.00244978
2.7101	-0.00952328	0.00168215	0.0031524	0.00243888
2.7201	-0.00949185	0.0016814	0.00313291	0.00242808
2.7301	-0.00946062	0.00168065	0.00311358	0.00241736
2.7401	-0.00942958	0.0016799	0.0030944	0.00240674
2.7501	-0.00939873	0.00167916	0.00307538	0.00239622
2.7601	-0.00936807	0.00167843	0.00305652	0.00238578
2.7701	-0.0093376	0.0016777	0.0030378	0.00237543
2.7801	-0.00930732	0.00167698	0.00301924	0.00236516
2.7901	-0.00927722	0.00167627	0.00300084	0.00235499
2.8001	-0.0092473	0.00167556	0.00298258	0.0023449
2.8101	-0.00921757	0.00167485	0.00296447	0.00233489
2.8201	-0.00918801	0.00167415	0.00294651	0.00232497
2.8301	-0.00915863	0.00167346	0.00292869	0.00231513
2.8401	-0.00912944	0.00167277	0.00291102	0.00230538
2.8501	-0.00910041	0.00167209	0.0028935	0.0022957
2.8601	-0.00907157	0.00167142	0.00287612	0.0022861
2.8701	-0.00904289	0.00167074	0.00285888	0.00227659
2.8801	-0.00901439	0.00167008	0.00284178	0.00226715
2.8901	-0.00898606	0.00166942	0.00282482	0.00225778
2.9001	-0.00895789	0.00166876	0.002808	0.0022485
2.9101	-0.00892989	0.00166811	0.00279131	0.00223928
2.9201	-0.00890206	0.00166746	0.00277477	0.00223015
2.9301	-0.0088744	0.00166682	0.00275835	0.00222108
2.9401	-0.0088469	0.00166618	0.00274207	0.00221209
2.9501	-0.00881956	0.00166555	0.00272593	0.00220317
2.9601	-0.00879238	0.00166493	0.00270991	0.00219432
2.9701	-0.00876536	0.0016643	0.00269402	0.00218554
2.9801	-0.0087385	0.00166369	0.00267827	0.00217683
2.9901	-0.00871179	0.00166307	0.00266264	0.00216819
3.0001	-0.00868524	0.00166247	0.00264714	0.00215961
3.0101	-0.00865885	0.00166186	0.00263176	0.00215111
3.0201	-0.00863261	0.00166126	0.00261651	0.00214266
3.0301	-0.00860652	0.00166067	0.00260138	0.00213429
3.0401	-0.00858058	0.00166008	0.00258637	0.00212598
3.0501	-0.00855479	0.00165949	0.00257149	0.00211773
3.0601	-0.00852915	0.00165891	0.00255672	0.00210955
3.0701	-0.00850366	0.00165834	0.00254207	0.00210143
3.0801	-0.00847831	0.00165776	0.00252755	0.00209337
3.0901	-0.0084531	0.00165719	0.00251313	0.00208537
3.1001	-0.00842805	0.00165663	0.00249884	0.00207743
3.1101	-0.00840313	0.00165607	0.00248465	0.00206955
3.1201	-0.00837835	0.00165551	0.00247059	0.00206174
3.1301	-0.00835372	0.00165496	0.00245663	0.00205398
3.1401	-0.00832922	0.00165441	0.00244278	0.00204627
3.1501	-0.00830486	0.00165387	0.00242905	0.00203863
3.1601	-0.00828064	0.00165333	0.00241542	0.00203104
3.1701	-0.00825655	0.00165279	0.00240191	0.00202351
3.1801	-0.0082326	0.00165226	0.0023885	0.00201603
3.1901	-0.00820878	0.00165173	0.00237519	0.00200861
3.2001	-0.00818509	0.00165121	0.00236199	0.00200124
3.2101	-0.00816154	0.00165069	0.0023489	0.00199393
3.2201	-0.00813812	0.00165017	0.00233591	0.00198667
3.2301	-0.00811482	0.00164966	0.00232302	0.00197946
3.2401	-0.00809166	0.00164915	0.00231023	0.00197231
3.2501	-0.00806862	0.00164864	0.00229754	0.0019652
3.2601	-0.0080457	0.00164814	0.00228496	0.00195815
3.2701	-0.00802292	0.00164764	0.00227247	0.00195115
3.2801	-0.00800025	0.00164714	0.00226008	0.00194419
3.2901	-0.00797772	0.00164665	0.00224778	0.00193729
3.3001	-0.0079553	0.00164616	0.00223558	0.00193044
3.3101	-0.007933	0.00164568	0.00222348	0.00192363
3.3201	-0.00791083	0.0016452	0.00221146	0.00191687
3.3301	-0.00788877	0.00164472	0.00219955	0.00191016
3.3401	-0.00786684	0.00164424	0.00218772	0.0019035
3.3501	-0.00784502	0.00164377	0.00217599	0.00189688
3.3601	-0.00782332	0.00164331	0.00216434	0.00189031
3.3701	-0.00780173	0.00164284	0.00215279	0.00188378
3.3801	-0.00778026	0.00164238	0.00214132	0.0018773
3.3901	-0.00775891	0.00164192	0.00212994	0.00187086
3.4001	-0.00773766	0.00164147	0.00211865	0.00186447
3.4101	-0.00771653	0.00164101	0.00210745	0.00185812
3.4201	-0.00769551	0.00164057	0.00209633	0.00185182
3.4301	-0.00767461	0.00164012	0.00208529	0.00184556
3.4401	-0.00765381	0.00163968	0.00207434	0.00183934
3.4501	-0.00763312	0.00163924	0.00206347	0.00183316
3.4601	-0.00761254	0.0016388	0.00205268	0.00182702
3.4701	-0.00759206	0.00163837	0.00204198	0.00182093
3.4801	-0.0075717	0.00163794	0.00203135	0.00181487
3.4901	-0.00755144	0.00163751	0.00202081	0.00180886
3.5001	-0.00753128	0.00163709	0.00201034	0.00180288
3.5101	-0.00751123	0.00163666	0.00199996	0.00179695
3.5201	-0.00749128	0.00163625	0.00198965	0.00179105
3.5301	-0.00747144	0.00163583	0.00197941	0.0017852
3.5401	-0.00745169	0.00163542	0.00196926	0.00177938
3.5501	-0.00743205	0.00163501	0.00195918	0.0017736
3.5601	-0.00741251	0.0016346	0.00194917	0.00176786
3.5701	-0.00739307	0.00163419	0.00193924	0.00176215
3.5801	-0.00737372	0.00163379	0.00192938	0.00175649
3.5901	-0.00735448	0.00163339	0.00191959	0.00175085
3.6001	-0.00733533	0.001633	0.00190988	0.00174526
3.6101	-0.00731628	0.0016326	0.00190024	0.0017397
3.6201	-0.00729733	0.00163221	0.00189066	0.00173418
3.6301	-0.00727847	0.00163182	0.00188116	0.00172869
3.6401	-0.0072597	0.00163144	0.00187173	0.00172324
3.6501	-0.00724103	0.00163105	0.00186236	0.00171782
3.6601	-0.00722246	0.00163067	0.00185307	0.00171243
3.6701	-0.00720397	0.00163029	0.00184384	0.00170708
3.6801	-0.00718558	0.00162992	0.00183468	0.00170177
3.6901	-0.00716728	0.00162955	0.00182558	0.00169649
3.7001	-0.00714907	0.00162917	0.00181655	0.00169124
3.7101	-0.00713095	0.00162881	0.00180759	0.00168602
3.7201	-0.00711292	0.00162844	0.00179869	0.00168083
3.7301	-0.00709497	0.00162808	0.00178985	0.00167568
3.7401	-0.00707712	0.00162772	0.00178108	0.00167056
3.7501	-0.00705935	0.00162736	0.00177237	0.00166547
3.7601	-0.00704167	0.001627	0.00176372	0.00166041
3.7701	-0.00702408	0.00162665	0.00175513	0.00165539
3.7801	-0.00700657	0.0016263	0.00174661	0.00165039
3.7901	-0.00698914	0.00162595	0.00173814	0.00164543
3.8001	-0.00697181	0.0016256	0.00172973	0.00164049
3.8101	-0.00695455	0.00162526	0.00172139	0.00163559
3.8201	-0.00693738	0.00162491	0.0017131	0.00163071
3.8301	-0.00692029	0.00162457	0.00170487	0.00162586
3.8401	-0.00690328	0.00162423	0.0016967	0.00162105
3.8501	-0.00688635	0.0016239	0.00168858	0.00161626
3.8601	-0.00686951	0.00162356	0.00168052	0.0016115
3.8701	-0.00685274	0.00162323	0.00167252	0.00160677
3.8801	-0.00683606	0.0016229	0.00166458	0.00160206
3.8901	-0.00681945	0.00162258	0.00165669	0.00159739
3.9001	-0.00680292	0.00162225	0.00164885	0.00159274
3.9101	-0.00678647	0.00162193	0.00164107	0.00158812
3.9201	-0.0067701	0.00162161	0.00163334	0.00158353
3.9301	-0.00675381	0.00162129	0.00162566	0.00157896
3.9401	-0.00673759	0.00162097	0.00161804	0.00157442
3.9501	-0.00672145	0.00162066	0.00161047	0.00156991
3.9601	-0.00670538	0.00162035	0.00160295	0.00156542
3.9701	-0.00668939	0.00162003	0.00159549	0.00156096
3.9801	-0.00667347	0.00161973	0.00158807	0.00155652
3.9901	-0.00665763	0.00161942	0.0015807	0.00155211
4.0001	-0.00664185	0.00161911	0.00157339	0.00154773
4.0101	-0.00662616	0.00161881	0.00156612	0.00154337
4.0201	-0.00661053	0.00161851	0.0015589	0.00153903
4.0301	-0.00659498	0.00161821	0.00155174	0.00153472
4.0401	-0.0065795	0.00161791	0.00154462	0.00153044
4.0501	-0.00656409	0.00161762	0.00153754	0.00152618
4.0601	-0.00654875	0.00161733	0.00153052	0.00152194
4.0701	-0.00653348	0.00161703	0.00152354	0.00151773
4.0801	-0.00651828	0.00161674	0.00151661	0.00151354
4.0901	-0.00650314	0.00161646	0.00150973	0.00150937
4.1001	-0.00648808	0.00161617	0.00150289	0.00150523
4.1101	-0.00647309	0.00161589	0.00149609	0.00150111
4.1201	-0.00645816	0.0016156	0.00148935	0.00149701
4.1301	-0.0064433	0.00161532	0.00148264	0.00149294
4.1401	-0.00642851	0.00161504	0.00147598	0.00148889
4.1501	-0.00641378	0.00161477	0.00146937	0.00148486
4.1601	-0.00639912	0.00161449	0.00146279	0.00148085
4.1701	-0.00638452	0.00161422	0.00145627	0.00147687
4.1801	-0.00636999	0.00161394	0.00144978	0.0014729
4.1901	-0.00635553	0.00161367	0.00144334	0.00146896
4.2001	-0.00634113	0.0016134	0.00143693	0.00146504
4.2101	-0.00632679	0.00161314	0.00143057	0.00146114
4.2201	-0.00631251	0.00161287	0.00142425	0.00145726
4.2301	-0.0062983	0.00161261	0.00141798	0.00145341
4.2401	-0.00628415	0.00161235	0.00141174	0.00144957
4.2501	-0.00627007	0.00161209	0.00140554	0.00144575
4.2601	-0.00625604	0.00161183	0.00139939	0.00144196
4.2701	-0.00624208	0.00161157	0.00139327	0.00143818
4.2801	-0.00622818	0.00161131	0.00138719	0.00143443
4.2901	-0.00621434	0.00161106	0.00138115	0.00143069
4.3001	-0.00620055	0.00161081	0.00137515	0.00142698
4.3101	-0.00618683	0.00161055	0.00136919	0.00142328
4.3201	-0.00617317	0.0016103	0.00136326	0.00141961
4.3301	-0.00615957	0.00161006	0.00135738	0.00141595
4.3401	-0.00614602	0.00160981	0.00135153	0.00141231
4.3501	-0.00613254	0.00160956	0.00134572	0.00140869
4.3601	-0.00611911	0.00160932	0.00133994	0.0014051
4.3701	-0.00610574	0.00160908	0.0013342	0.00140151
4.3801	-0.00609242	0.00160884	0.0013285	0.00139795
4.3901	-0.00607917	0.0016086	0.00132283	0.00139441
4.4001	-0.00606597	0.00160836	0.0013172	0.00139088
4.4101	-0.00605282	0.00160812	0.00131161	0.00138737
4.4201	-0.00603974	0.00160789	0.00130605	0.00138388
4.4301	-0.0060267	0.00160765	0.00130052	0.00138041
4.4401	-0.00601373	0.00160742	0.00129503	0.00137696
4.4501	-0.0060008	0.00160719	0.00128957	0.00137352
4.4601	-0.00598793	0.00160696	0.00128415	0.0013701
4.4701	-0.00597512	0.00160673	0.00127876	0.0013667
4.4801	-0.00596236	0.00160651	0.0012734	0.00136332
4.4901	-0.00594965	0.00160628	0.00126807	0.00135995
4.5001	-0.005937	0.00160606	0.00126278	0.0013566
4.5101	-0.0059244	0.00160583	0.00125752	0.00135327
4.5201	-0.00591185	0.00160561	0.0012523	0.00134995
4.5301	-0.00589935	0.00160539	0.0012471	0.00134665
4.5401	-0.0058869	0.00160517	0.00124194	0.00134337
4.5501	-0.00587451	0.00160496	0.00123681	0.0013401
4.5601	-0.00586217	0.00160474	0.00123171	0.00133685
4.5701	-0.00584988	0.00160452	0.00122664	0.00133361
4.5801	-0.00583763	0.00160431	0.0012216	0.00133039
4.5901	-0.00582544	0.0016041	0.00121659	0.00132719
4.6001	-0.0058133	0.00160389	0.00121162	0.001324
4.6101	-0.00580121	0.00160368	0.00120667	0.00132083
4.6201	-0.00578917	0.00160347	0.00120175	0.00131767
4.6301	-0.00577718	0.00160326	0.00119686	0.00131453
4.6401	-0.00576523	0.00160305	0.001192	0.00131141
4.6501	-0.00575334	0.00160285	0.00118717	0.0013083
4.6601	-0.00574149	0.00160264	0.00118237	0.0013052
4.6701	-0.00572969	0.00160244	0.0011776	0.00130212
4.6801	-0.00571794	0.00160224	0.00117286	0.00129905
4.6901	-0.00570623	0.00160204	0.00116814	0.001296
4.7001	-0.00569457	0.00160184	0.00116345	0.00129296
4.7101	-0.00568296	0.00160164	0.00115879	0.00128994
4.7201	-0.0056714	0.00160144	0.00115416	0.00128693
4.7301	-0.00565988	0.00160125	0.00114955	0.00128394
4.7401	-0.00564841	0.00160105	0.00114497	0.00128096
4.7501	-0.00563698	0.00160086	0.00114042	0.001278
4.7601	-0.0056256	0.00160066	0.0011359	0.00127505
4.7701	-0.00561426	0.00160047	0.0011314	0.00127211
4.7801	-0.00560297	0.00160028	0.00112693	0.00126919
4.7901	-0.00559172	0.00160009	0.00112248	0.00126628
4.8001	-0.00558052	0.0015999	0.00111806	0.00126338
4.8101	-0.00556936	0.00159972	0.00111367	0.0012605
4.8201	-0.00555825	0.00159953	0.0011093	0.00125763
4.8301	-0.00554718	0.00159935	0.00110496	0.00125477
4.8401	-0.00553615	0.00159916	0.00110064	0.00125193
4.8501	-0.00552516	0.00159898	0.00109634	0.0012491
4.8601	-0.00551422	0.0015988	0.00109207	0.00124628
4.8701	-0.00550332	0.00159861	0.00108783	0.00124348
4.8801	-0.00549246	0.00159843	0.00108361	0.00124069
4.8901	-0.00548165	0.00159825	0.00107941	0.00123791
4.9001	-0.00547088	0.00159808	0.00107524	0.00123515
4.9101	-0.00546014	0.0015979	0.00107109	0.00123239
4.9201	-0.00544945	0.00159772	0.00106697	0.00122965
4.9301	-0.0054388	0.00159755	0.00106287	0.00122693
4.9401	-0.0054282	0.00159737	0.00105879	0.00122421
4.9501	-0.00541763	0.0015972	0.00105474	0.00122151
4.9601	-0.0054071	0.00159703	0.0010507	0.00121882
4.9701	-0.00539661	0.00159686	0.0010467	0.00121614
4.9801	-0.00538617	0.00159669	0.00104271	0.00121347
4.9901	-0.00537576	0.00159652	0.00103875	0.00121082
