#H	M_sred	M2_sred	Xi
0	10.5	126	38.4521
0.01	18	324	0
0.02	18	324	0
0.03	18	324	0
0.04	18	324	0
0.05	18	324	0
0.06	18	324	0
0.07	18	324	0
0.08	18	324	0
0.09	18	324	0
0.1	18	324	0
0.1	18	324	0
0.11	18	324	0
0.111111	18	324	0
0.12	18	324	0
0.125	18	324	0
0.13	18	324	0
0.14	18	324	0
0.142857	18	324	0
0.15	18	324	0
0.16	18	324	0
0.166667	18	324	0
0.17	18	324	0
0.18	18	324	0
0.19	18	324	0
0.2	23	554	61.0352
0.2	23	554	61.0352
0.2	23	554	61.0352
0.21	28	784	0
0.22	28	784	0
0.222222	28	784	0
0.23	28	784	0
0.24	28	784	0
0.25	28	784	0
0.25	28	784	0
0.25	28	784	0
0.26	28	784	0
0.27	28	784	0
0.28	28	784	0
0.285714	28	784	0
0.29	28	784	0
0.3	28	784	0
0.3	28	784	0
0.31	28	784	0
0.32	28	784	0
0.33	28	784	0
0.333333	28	784	0
0.333333	28	784	0
0.333333	28	784	0
0.34	28	784	0
0.35	28	784	0
0.36	28	784	0
0.37	28	784	0
0.375	28	784	0
0.38	28	784	0
0.39	28	784	0
0.4	28	784	0
0.4	28	784	0
0.4	28	784	0
0.41	28	784	0
0.42	28	784	0
0.428571	28	784	0
0.43	28	784	0
0.44	28	784	0
0.444444	28	784	0
0.45	28	784	0
0.46	28	784	0
0.47	28	784	0
0.48	28	784	0
0.49	28	784	0
0.5	28	784	0
0.5	28	784	0
0.5	28	784	0
0.5	28	784	0
0.5	28	784	0
0.5	28	784	0
0.51	28	784	0
0.52	28	784	0
0.53	28	784	0
0.54	28	784	0
0.55	28	784	0
0.555556	28	784	0
0.56	28	784	0
0.57	28	784	0
0.571429	28	784	0
0.58	28	784	0
0.59	28	784	0
0.6	28	784	0
0.6	28	784	0
0.6	28	784	0
0.61	28	784	0
0.62	28	784	0
0.625	28	784	0
0.63	28	784	0
0.64	28	784	0
0.65	28	784	0
0.66	28	784	0
0.666667	28	784	0
0.666667	28	784	0
0.666667	28	784	0
0.67	28	784	0
0.68	28	784	0
0.69	28	784	0
0.7	28	784	0
0.7	28	784	0
0.71	28	784	0
0.714286	28	784	0
0.72	28	784	0
0.73	28	784	0
0.74	28	784	0
0.75	28	784	0
0.75	28	784	0
0.75	28	784	0
0.76	28	784	0
0.77	28	784	0
0.777778	28	784	0
0.78	28	784	0
0.79	28	784	0
0.8	28	784	0
0.8	28	784	0
0.8	28	784	0
0.81	28	784	0
0.82	28	784	0
0.83	28	784	0
0.833333	28	784	0
0.84	28	784	0
0.85	28	784	0
0.857143	28	784	0
0.86	28	784	0
0.87	28	784	0
0.875	28	784	0
0.88	28	784	0
0.888889	28	784	0
0.89	28	784	0
0.9	28	784	0
0.9	28	784	0
0.91	28	784	0
0.92	28	784	0
0.93	28	784	0
0.94	28	784	0
0.95	28	784	0
0.96	28	784	0
0.97	28	784	0
0.98	28	784	0
0.99	28	784	0
1	30.8571	954.286	5.18176
1.01	34	1156	0
1.02	34	1156	0
1.03	34	1156	0
1.04	34	1156	0
1.05	34	1156	0
1.06	34	1156	0
1.07	34	1156	0
1.08	34	1156	0
1.09	34	1156	0
1.1	34	1156	0
1.11	34	1156	0
1.12	34	1156	0
1.125	34	1156	0
1.13	34	1156	0
1.14	34	1156	0
1.14286	34	1156	0
1.15	34	1156	0
1.16	34	1156	0
1.16667	34	1156	0
1.17	34	1156	0
1.18	34	1156	0
1.19	34	1156	0
1.2	34	1156	0
1.2	34	1156	0
1.21	34	1156	0
1.22	34	1156	0
1.23	34	1156	0
1.24	34	1156	0
1.25	34	1156	0
1.25	34	1156	0
1.26	34	1156	0
1.27	34	1156	0
1.28	34	1156	0
1.28571	34	1156	0
1.29	34	1156	0
1.3	34	1156	0
1.31	34	1156	0
1.32	34	1156	0
1.33	34	1156	0
1.33333	41	1698	41.5039
1.33333	41	1698	41.5039
1.34	46	2116	0
1.35	46	2116	0
1.36	46	2116	0
1.37	46	2116	0
1.38	46	2116	0
1.39	46	2116	0
1.4	46	2116	0
1.4	46	2116	0
1.41	46	2116	0
1.42	46	2116	0
1.43	46	2116	0
1.44	46	2116	0
1.45	46	2116	0
1.46	46	2116	0
1.47	46	2116	0
1.48	46	2116	0
1.49	46	2116	0
1.5	46	2116	0
1.5	46	2116	0
1.5	46	2116	0
1.5	46	2116	0
1.51	46	2116	0
1.52	46	2116	0
1.53	46	2116	0
1.54	46	2116	0
1.55	46	2116	0
1.56	46	2116	0
1.57	46	2116	0
1.58	46	2116	0
1.59	46	2116	0
1.6	46	2116	0
1.6	46	2116	0
1.61	46	2116	0
1.62	46	2116	0
1.63	46	2116	0
1.64	46	2116	0
1.65	46	2116	0
1.66	46	2116	0
1.66667	46	2116	0
1.67	46	2116	0
1.68	46	2116	0
1.69	46	2116	0
1.7	46	2116	0
1.71	46	2116	0
1.72	46	2116	0
1.73	46	2116	0
1.74	46	2116	0
1.75	46	2116	0
1.75	46	2116	0
1.76	46	2116	0
1.77	46	2116	0
1.78	46	2116	0
1.79	46	2116	0
1.8	46	2116	0
1.8	46	2116	0
1.81	46	2116	0
1.82	46	2116	0
1.83	46	2116	0
1.84	46	2116	0
1.85	46	2116	0
1.86	46	2116	0
1.87	46	2116	0
1.88	46	2116	0
1.89	46	2116	0
1.9	46	2116	0
1.91	46	2116	0
1.92	46	2116	0
1.93	46	2116	0
1.94	46	2116	0
1.95	46	2116	0
1.96	46	2116	0
1.97	46	2116	0
1.98	46	2116	0
1.99	46	2116	0
2	49.3333	2436.95	7.7505
2	49.3333	2436.95	7.7505
2	49.3333	2436.95	7.7505
2	49.3333	2436.95	7.7505
2.01	52	2704	0
2.02	52	2704	0
2.03	52	2704	0
2.04	52	2704	0
2.05	52	2704	0
2.06	52	2704	0
2.07	52	2704	0
2.08	52	2704	0
2.09	52	2704	0
2.1	52	2704	0
2.11	52	2704	0
2.12	52	2704	0
2.13	52	2704	0
2.14	52	2704	0
2.15	52	2704	0
2.16	52	2704	0
2.17	52	2704	0
2.18	52	2704	0
2.19	52	2704	0
2.2	52	2704	0
2.21	52	2704	0
2.22	52	2704	0
2.23	52	2704	0
2.24	52	2704	0
2.25	52	2704	0
2.25	52	2704	0
2.26	52	2704	0
2.27	52	2704	0
2.28	52	2704	0
2.29	52	2704	0
2.3	52	2704	0
2.31	52	2704	0
2.32	52	2704	0
2.33	52	2704	0
2.33333	52	2704	0
2.34	52	2704	0
2.35	52	2704	0
2.36	52	2704	0
2.37	52	2704	0
2.38	52	2704	0
2.39	52	2704	0
2.4	52	2704	0
2.41	52	2704	0
2.42	52	2704	0
2.43	52	2704	0
2.44	52	2704	0
2.45	52	2704	0
2.46	52	2704	0
2.47	52	2704	0
2.48	52	2704	0
2.49	52	2704	0
2.5	52	2704	0
2.5	52	2704	0
2.51	52	2704	0
2.52	52	2704	0
2.53	52	2704	0
2.54	52	2704	0
2.55	52	2704	0
2.56	52	2704	0
2.57	52	2704	0
2.58	52	2704	0
2.59	52	2704	0
2.6	52	2704	0
2.61	52	2704	0
2.62	52	2704	0
2.63	52	2704	0
2.64	52	2704	0
2.65	52	2704	0
2.66	52	2704	0
2.66667	52	2704	0
2.67	52	2704	0
2.68	52	2704	0
2.69	52	2704	0
2.7	52	2704	0
2.71	52	2704	0
2.72	52	2704	0
2.73	52	2704	0
2.74	52	2704	0
2.75	52	2704	0
2.76	52	2704	0
2.77	52	2704	0
2.78	52	2704	0
2.79	52	2704	0
2.8	52	2704	0
2.81	52	2704	0
2.82	52	2704	0
2.83	52	2704	0
2.84	52	2704	0
2.85	52	2704	0
2.86	52	2704	0
2.87	52	2704	0
2.88	52	2704	0
2.89	52	2704	0
2.9	52	2704	0
2.91	52	2704	0
2.92	52	2704	0
2.93	52	2704	0
2.94	52	2704	0
2.95	52	2704	0
2.96	52	2704	0
2.97	52	2704	0
2.98	52	2704	0
2.99	52	2704	0
3	52.6667	2774.67	2.17014
3	52.6667	2774.67	2.17014
3	52.6667	2774.67	2.17014
3.01	54	2916	0
3.02	54	2916	0
3.03	54	2916	0
3.04	54	2916	0
3.05	54	2916	0
3.06	54	2916	0
3.07	54	2916	0
3.08	54	2916	0
3.09	54	2916	0
3.1	54	2916	0
3.11	54	2916	0
3.12	54	2916	0
3.13	54	2916	0
3.14	54	2916	0
3.15	54	2916	0
3.16	54	2916	0
3.17	54	2916	0
3.18	54	2916	0
3.19	54	2916	0
3.2	54	2916	0
3.21	54	2916	0
3.22	54	2916	0
3.23	54	2916	0
3.24	54	2916	0
3.25	54	2916	0
3.26	54	2916	0
3.27	54	2916	0
3.28	54	2916	0
3.29	54	2916	0
3.3	54	2916	0
3.31	54	2916	0
3.32	54	2916	0
3.33	54	2916	0
3.34	54	2916	0
3.35	54	2916	0
3.36	54	2916	0
3.37	54	2916	0
3.38	54	2916	0
3.39	54	2916	0
3.4	54	2916	0
3.41	54	2916	0
3.42	54	2916	0
3.43	54	2916	0
3.44	54	2916	0
3.45	54	2916	0
3.46	54	2916	0
3.47	54	2916	0
3.48	54	2916	0
3.49	54	2916	0
3.5	54	2916	0
3.5	54	2916	0
3.51	54	2916	0
3.52	54	2916	0
3.53	54	2916	0
3.54	54	2916	0
3.55	54	2916	0
3.56	54	2916	0
3.57	54	2916	0
3.58	54	2916	0
3.59	54	2916	0
3.6	54	2916	0
3.61	54	2916	0
3.62	54	2916	0
3.63	54	2916	0
3.64	54	2916	0
3.65	54	2916	0
3.66	54	2916	0
3.67	54	2916	0
3.68	54	2916	0
3.69	54	2916	0
3.7	54	2916	0
3.71	54	2916	0
3.72	54	2916	0
3.73	54	2916	0
3.74	54	2916	0
3.75	54	2916	0
3.76	54	2916	0
3.77	54	2916	0
3.78	54	2916	0
3.79	54	2916	0
3.8	54	2916	0
3.81	54	2916	0
3.82	54	2916	0
3.83	54	2916	0
3.84	54	2916	0
3.85	54	2916	0
3.86	54	2916	0
3.87	54	2916	0
3.88	54	2916	0
3.89	54	2916	0
3.9	54	2916	0
3.91	54	2916	0
3.92	54	2916	0
3.93	54	2916	0
3.94	54	2916	0
3.95	54	2916	0
3.96	54	2916	0
3.97	54	2916	0
3.98	54	2916	0
3.99	54	2916	0
4	58.6667	3446.27	10.9592
4	58.6667	3446.27	10.9592
4.01	64	4096	0
4.02	64	4096	0
4.03	64	4096	0
4.04	64	4096	0
4.05	64	4096	0
4.06	64	4096	0
4.07	64	4096	0
4.08	64	4096	0
4.09	64	4096	0
4.1	64	4096	0
4.11	64	4096	0
4.12	64	4096	0
4.13	64	4096	0
4.14	64	4096	0
4.15	64	4096	0
4.16	64	4096	0
4.17	64	4096	0
4.18	64	4096	0
4.19	64	4096	0
4.2	64	4096	0
4.21	64	4096	0
4.22	64	4096	0
4.23	64	4096	0
4.24	64	4096	0
4.25	64	4096	0
4.26	64	4096	0
4.27	64	4096	0
4.28	64	4096	0
4.29	64	4096	0
4.3	64	4096	0
4.31	64	4096	0
4.32	64	4096	0
4.33	64	4096	0
4.34	64	4096	0
4.35	64	4096	0
4.36	64	4096	0
4.37	64	4096	0
4.38	64	4096	0
4.39	64	4096	0
4.4	64	4096	0
4.41	64	4096	0
4.42	64	4096	0
4.43	64	4096	0
4.44	64	4096	0
4.45	64	4096	0
4.46	64	4096	0
4.47	64	4096	0
4.48	64	4096	0
4.49	64	4096	0
4.5	64	4096	0
4.5	64	4096	0
4.51	64	4096	0
4.52	64	4096	0
4.53	64	4096	0
4.54	64	4096	0
4.55	64	4096	0
4.56	64	4096	0
4.57	64	4096	0
4.58	64	4096	0
4.59	64	4096	0
4.6	64	4096	0
4.61	64	4096	0
4.62	64	4096	0
4.63	64	4096	0
4.64	64	4096	0
4.65	64	4096	0
4.66	64	4096	0
4.67	64	4096	0
4.68	64	4096	0
4.69	64	4096	0
4.7	64	4096	0
4.71	64	4096	0
4.72	64	4096	0
4.73	64	4096	0
4.74	64	4096	0
4.75	64	4096	0
4.76	64	4096	0
4.77	64	4096	0
4.78	64	4096	0
4.79	64	4096	0
4.8	64	4096	0
4.81	64	4096	0
4.82	64	4096	0
4.83	64	4096	0
4.84	64	4096	0
4.85	64	4096	0
4.86	64	4096	0
4.87	64	4096	0
4.88	64	4096	0
4.89	64	4096	0
4.9	64	4096	0
4.91	64	4096	0
4.92	64	4096	0
4.93	64	4096	0
4.94	64	4096	0
4.95	64	4096	0
4.96	64	4096	0
4.97	64	4096	0
4.98	64	4096	0
4.99	64	4096	0
5	64	4096	0
